<!doctype html>
<html lang="en">

<head>
    <meta charset="utf-8" />
    <script src="https://cdn.jsdelivr.net/npm/mathjax@3.2.2/es5/tex-svg.js"></script>
        <script src="https://cdn.plot.ly/plotly-3.0.1.min.js"></script>
        
</head>

<body>
    <div>
        <div id="plotly-html-element" class="plotly-graph-div" style="height:100%; width:100%;"></div>

        <script type="module">
            const graph_div = document.getElementById("plotly-html-element");
            await Plotly.newPlot(graph_div, {"data":[{"type":"scatter3d","name":"Station 1","mode":"markers","x":[1.8097333,5.100032,0.9571476,10.041616,6.8184266,8.256376,0.66016483,5.9323435,0.8098639,2.0475504,7.1253133,7.739705,6.178544,7.375474,2.0917745,0.5639076,10.146873,3.2809327,4.666457,2.841928,3.679851,11.035124,1.3499644,6.974987,2.4865472,11.2302265,6.693437,8.353077,6.759397,7.542777,2.5077574,2.2872517,11.367955,3.2555637,7.7973127,11.363139,5.8794036,9.362674,8.823575,7.2999263,3.812893,7.5619016,10.6265135,8.569418,9.1411705,8.409063,1.6373849,6.453043,9.277814,7.140024,4.4022107,1.2220776,5.083396,7.7083106,6.011887,1.0881386,6.7490473,7.982504,9.432127,6.1756506,10.354856,1.9874917,1.7228194,10.492986,5.7322736,7.1934857,9.134842,1.931672,8.960452,2.0169985,9.851692,0.58805776,5.828683,8.382517,2.615812,11.575995,7.4045453,9.639993,8.49781,9.2442665,10.547814,9.345962,4.6484914,8.278875,3.9252598,4.417728,11.199965,10.3490505,10.980646,11.068029,0.61042404,9.070627,8.26494,6.3224096,10.622178,9.569524,10.368436,5.013409,0.6535479,0.9274434,2.4414575,6.639698,7.3454432,9.751642,5.157684,1.6980158,11.550636,3.0362546,3.9868565,9.72563,7.0841255,5.0842156,7.8660326,1.4857098,0.48192227,6.595252,8.102254,11.222791,1.5057555,1.3332171,5.208478,1.3750012,7.151314,10.201629,7.1310105,8.821345,6.9755635,7.135187,4.683492,7.925539,7.0490346,7.018386,7.4457407,8.489315,6.8675284,6.8200507],"y":[3.6378622,10.466406,10.564185,8.821193,8.441326,9.098014,4.000693,2.3377228,8.156263,8.616851,6.4199405,10.077269,0.7127428,8.962523,4.854933,7.528029,7.8003488,1.9565871,0.5103857,9.951214,2.7913806,8.019689,1.2734686,2.6267989,10.612082,1.6353981,3.3684714,7.8275523,9.265318,0.44052964,2.115213,7.8854685,5.980972,2.7404997,7.089032,10.862537,0.6020527,3.3427045,7.2047462,6.740323,11.562903,10.89691,7.227345,8.106143,7.9781284,7.1613784,8.977264,11.413244,4.035372,11.46259,11.334229,6.1539254,10.345901,7.1554875,10.839999,3.661147,9.964422,9.018499,4.8034124,1.3892537,10.417678,9.285825,5.463924,0.9102694,10.822567,10.772308,3.0935733,0.7140486,10.658084,7.723451,11.2262745,5.8517165,10.685975,6.330359,0.8651602,6.023169,1.066815,3.749615,6.305423,5.4776483,10.708303,7.7812295,1.0833588,0.89133304,10.66316,0.8665501,0.90070176,11.268096,10.352549,3.7202232,8.953802,3.8555853,10.914347,9.7089,2.2935388,8.2219515,6.9030733,0.8379006,1.7488654,2.5620484,10.048811,9.349316,3.0709536,0.7956031,2.9810834,7.1697283,5.343721,1.3175275,0.42270842,5.13947,6.086934,1.1478101,9.34893,5.049472,8.1177,8.471176,2.166537,5.0247197,5.7636623,2.193571,2.60351,2.4515631,6.4641724,5.934888,9.051501,7.129553,8.876918,8.328303,2.012475,6.432287,6.7178893,2.499471,9.0009575,7.439392,8.896283,8.847883],"z":[4560.00537109375,4557.8203125,4561.90869140625,4558.27099609375,4536.39501953125,4560.626953125,4560.9716796875,4562.02587890625,4560.0078125,4552.1953125,4536.8544921875,4538.15087890625,4558.90966796875,4557.5439453125,4570.39501953125,4593.92041015625,4575.02001953125,4561.0,4552.595703125,4536.5556640625,4560.2294921875,4558.09033203125,4560.9306640625,4544.95751953125,4538.89697265625,4576.06298828125,4561.2998046875,4551.15625,4558.4189453125,4575.41796875,4564.720703125,4547.31005859375,4544.0927734375,4551.1064453125,4556.76904296875,4566.1748046875,4560.7294921875,4573.19140625,4521.82470703125,4556.748046875,4559.787109375,4596.2724609375,4557.97900390625,4559.3427734375,4560.77587890625,4548.13671875,4560.00537109375,4558.083984375,4559.6748046875,4561.0029296875,4559.28173828125,4546.8076171875,4557.580078125,4557.72900390625,4540.541015625,4584.49072265625,4563.46630859375,4560.4580078125,4558.92138671875,4563.46337890625,4566.6328125,4559.9736328125,4551.759765625,4563.1328125,4559.86572265625,4564.42333984375,4572.4697265625,4552.53369140625,4566.29833984375,4555.1953125,4563.20068359375,4553.61328125,4553.599609375,4547.537109375,4553.17138671875,4551.28125,4553.78125,4569.92138671875,4557.224609375,4539.9375,4577.60888671875,4537.4248046875,4564.76806640625,4561.49169921875,4551.3427734375,4565.54833984375,4564.1552734375,4561.015625,4573.07470703125,4573.57373046875,4561.21337890625,4572.6396484375,4559.80419921875,4539.47802734375,4553.39306640625,4550.833984375,4560.623046875,4561.74169921875,4565.982421875,4553.759765625,4572.2294921875,4576.869140625,4546.7470703125,4563.4794921875,4561.68408203125,4594.9150390625,4559.205078125,4563.80908203125,4584.5361328125,4549.5634765625,4547.716796875,4561.4150390625,4549.71630859375,4568.4248046875,4556.7998046875,4557.7783203125,4546.7177734375,4558.56005859375,4593.60302734375,4561.5517578125,4569.2373046875,4593.85302734375,4547.31787109375,4549.146484375,4537.80322265625,4547.8603515625,4536.13916015625,4557.4599609375,4569.90087890625,4547.19287109375,4552.1025390625,4546.83251953125,4536.40087890625,4552.7275390625,4558.958984375,4555.8916015625],"marker":{"size":5,"color":"blue"}},{"type":"scatter3d","name":"Station 2","mode":"markers","x":[1.6682321,8.532178,2.8521605,6.171378,6.671929,11.167219,5.962161,4.027593,9.757649,1.2985814,0.9444437,8.833854,9.014547,4.646171,2.03382,1.9238573,9.704146,6.1526756,10.012201,5.019018,6.5942397,3.313426,10.994969,0.41348895,6.276263,10.464114,11.049948,5.7643623,4.4093046,10.177878,10.436421,7.9105716,8.515876,7.238942,8.21092,5.3869853,3.9805522,10.338085,5.0974045,9.206592,10.683558,10.90462,7.190702,10.797191,9.202859,4.1384664,1.6095511,7.048457,6.1609054,1.5806506,9.967623,8.924983,6.813712,7.555777,1.9719253,1.6410872,4.034547,10.507446,7.8271146,10.677492,10.842173,4.9399495,7.7709465,2.309921,3.42494,10.643716,9.323903,8.422514,0.6285273,1.9581119,2.5783517,7.313406,1.7800677,1.2177892,10.728953,3.240697,10.770261,2.019331,6.3517227,5.637653,1.9335879,7.019575,4.108514,5.7096705,2.7127502,11.538756,3.4629583,2.1021044,8.8422785,11.542216,11.5102625,10.164245,3.2604315,9.477682,1.3959213,6.568271,8.74549,0.5764767,10.422613,8.268036,11.234773,9.954785,0.4,0.4,11.352022,0.45138472,2.232354,0.4,1.080335,0.4,1.7050077,11.6,5.72641,1.0669303,0.4,9.348125,0.4,0.89444053,0.7914373,6.7302966,2.1088734,0.4,2.3073187,0.6537945,5.756795,2.0953383,7.607506,7.965883,1.9943403,2.1660073,1.27784,0.4,6.705961,1.0111704,10.193045,8.196219],"y":[8.687509,8.524717,3.1860373,1.0732851,6.0548067,1.7076895,2.8768888,1.3730958,10.029961,4.9920225,0.42464408,6.487727,10.7278185,9.95812,3.5433125,6.2559557,0.8104887,3.02384,8.116707,9.907518,2.7034602,10.753592,8.554097,9.830185,9.703452,2.9102647,0.6680689,1.5505004,11.202208,3.6273172,0.62103444,7.158947,1.3282816,7.108362,1.7260131,11.171173,11.315588,9.87346,2.3338935,1.8247536,9.358483,2.117344,7.417428,2.8748474,9.993512,11.201361,3.385931,7.385972,9.684213,2.2080963,9.166714,4.0921407,7.5192957,7.079049,11.242379,4.087457,1.5496392,7.4162025,10.196794,2.3659117,1.9080399,11.069054,6.626505,3.5298662,10.8899,8.180166,8.827534,1.7353845,6.349198,9.919989,11.087767,10.685496,8.059265,6.8232064,3.1033306,2.9197176,3.5025039,9.691456,9.03519,1.0908623,2.363013,2.7243297,1.6715605,3.166994,9.607185,1.4186095,2.364304,10.440829,4.25125,4.6177416,9.833278,10.367229,10.830023,11.163224,1.7086495,2.4554772,8.4287405,11.392469,1.1699256,1.6195166,1.501241,4.4868045,4.730408,5.1363263,5.013083,6.151533,6.1365156,6.978141,6.2236667,6.8097525,6.9880915,5.433033,3.2508833,2.9922101,5.7044663,6.5426083,4.20085,7.0344443,3.8474073,2.6628067,8.8441515,5.539661,6.3544564,6.9932113,9.910757,7.196909,5.903611,7.113017,9.448515,6.7759256,6.5032706,4.353874,5.816271,6.7879276,6.706418,6.070985],"z":[4560.00537109375,4557.8203125,4561.90869140625,4558.27099609375,4536.39501953125,4560.626953125,4560.9716796875,4562.02587890625,4560.0078125,4552.1953125,4536.8544921875,4538.15087890625,4558.90966796875,4557.5439453125,4570.39501953125,4593.92041015625,4575.02001953125,4561.0,4552.595703125,4536.5556640625,4560.2294921875,4558.09033203125,4560.9306640625,4544.95751953125,4538.89697265625,4576.06298828125,4561.2998046875,4551.15625,4558.4189453125,4575.41796875,4564.720703125,4547.31005859375,4544.0927734375,4551.1064453125,4556.76904296875,4566.1748046875,4560.7294921875,4573.19140625,4521.82470703125,4556.748046875,4559.787109375,4596.2724609375,4557.97900390625,4559.3427734375,4560.77587890625,4548.13671875,4560.00537109375,4558.083984375,4559.6748046875,4561.0029296875,4559.28173828125,4546.8076171875,4557.580078125,4557.72900390625,4540.541015625,4584.49072265625,4563.46630859375,4560.4580078125,4558.92138671875,4563.46337890625,4566.6328125,4559.9736328125,4551.759765625,4563.1328125,4559.86572265625,4564.42333984375,4572.4697265625,4552.53369140625,4566.29833984375,4555.1953125,4563.20068359375,4553.61328125,4553.599609375,4547.537109375,4553.17138671875,4551.28125,4553.78125,4569.92138671875,4557.224609375,4539.9375,4577.60888671875,4537.4248046875,4564.76806640625,4561.49169921875,4551.3427734375,4565.54833984375,4564.1552734375,4561.015625,4573.07470703125,4573.57373046875,4561.21337890625,4572.6396484375,4559.80419921875,4539.47802734375,4553.39306640625,4550.833984375,4560.623046875,4561.74169921875,4565.982421875,4553.759765625,4572.2294921875,4576.869140625,4546.7470703125,4563.4794921875,4561.68408203125,4594.9150390625,4559.205078125,4563.80908203125,4584.5361328125,4549.5634765625,4547.716796875,4561.4150390625,4549.71630859375,4568.4248046875,4556.7998046875,4557.7783203125,4546.7177734375,4558.56005859375,4593.60302734375,4561.5517578125,4569.2373046875,4593.85302734375,4547.31787109375,4549.146484375,4537.80322265625,4547.8603515625,4536.13916015625,4557.4599609375,4569.90087890625,4547.19287109375,4552.1025390625,4546.83251953125,4536.40087890625,4552.7275390625,4558.958984375,4555.8916015625],"marker":{"size":5,"color":"green"}},{"type":"scatter3d","name":"Optimal Point","mode":"markers","x":[8.823575,5.0974045],"y":[7.2047462,2.3338935],"z":[4521.82470703125,4521.82470703125],"marker":{"size":10,"color":"red"}},{"type":"scatter3d","name":"Obstacle","mode":"lines","x":[6.81,6.89,6.89,6.81,6.81],"y":[3.8,3.8,5.4,5.4,3.8],"z":[4521.82470703125,4521.82470703125,4521.82470703125,4521.82470703125,4521.82470703125],"line":{"width":2.0,"color":"black"}},{"type":"scatter3d","name":"Obstacle","mode":"lines","x":[7.11,7.19,7.19,7.11,7.11],"y":[3.8,3.8,5.4,5.4,3.8],"z":[4521.82470703125,4521.82470703125,4521.82470703125,4521.82470703125,4521.82470703125],"line":{"width":2.0,"color":"black"}},{"type":"scatter3d","name":"Obstacle","mode":"lines","x":[7.4100003,7.4900002,7.4900002,7.4100003,7.4100003],"y":[3.8,3.8,5.4,5.4,3.8],"z":[4521.82470703125,4521.82470703125,4521.82470703125,4521.82470703125,4521.82470703125],"line":{"width":2.0,"color":"black"}},{"type":"scatter3d","name":"Obstacle","mode":"lines","x":[7.7100005,7.7900004,7.7900004,7.7100005,7.7100005],"y":[3.8,3.8,5.4,5.4,3.8],"z":[4521.82470703125,4521.82470703125,4521.82470703125,4521.82470703125,4521.82470703125],"line":{"width":2.0,"color":"black"}},{"type":"scatter3d","name":"Obstacle","mode":"lines","x":[8.01,8.09,8.09,8.01,8.01],"y":[3.8,3.8,5.4,5.4,3.8],"z":[4521.82470703125,4521.82470703125,4521.82470703125,4521.82470703125,4521.82470703125],"line":{"width":2.0,"color":"black"}},{"type":"scatter3d","name":"Obstacle","mode":"lines","x":[8.31,8.39,8.39,8.31,8.31],"y":[3.8,3.8,5.4,5.4,3.8],"z":[4521.82470703125,4521.82470703125,4521.82470703125,4521.82470703125,4521.82470703125],"line":{"width":2.0,"color":"black"}},{"type":"scatter3d","name":"Obstacle","mode":"lines","x":[2.71,2.79,2.7899997,2.7099998,2.71],"y":[3.8,3.8,9.2,9.2,3.8],"z":[4521.82470703125,4521.82470703125,4521.82470703125,4521.82470703125,4521.82470703125],"line":{"width":2.0,"color":"black"}},{"type":"scatter3d","name":"Obstacle","mode":"lines","x":[3.21,3.29,3.2899997,3.2099998,3.21],"y":[3.8,3.8,9.2,9.2,3.8],"z":[4521.82470703125,4521.82470703125,4521.82470703125,4521.82470703125,4521.82470703125],"line":{"width":2.0,"color":"black"}},{"type":"scatter3d","name":"Obstacle","mode":"lines","x":[3.71,3.79,3.7899997,3.7099998,3.71],"y":[3.8,3.8,9.2,9.2,3.8],"z":[4521.82470703125,4521.82470703125,4521.82470703125,4521.82470703125,4521.82470703125],"line":{"width":2.0,"color":"black"}},{"type":"scatter3d","name":"Obstacle","mode":"lines","x":[4.21,4.29,4.29,4.21,4.21],"y":[3.8,3.8,9.2,9.2,3.8],"z":[4521.82470703125,4521.82470703125,4521.82470703125,4521.82470703125,4521.82470703125],"line":{"width":2.0,"color":"black"}},{"type":"scatter3d","name":"Obstacle","mode":"lines","x":[4.71,4.79,4.79,4.71,4.71],"y":[3.8,3.8,9.2,9.2,3.8],"z":[4521.82470703125,4521.82470703125,4521.82470703125,4521.82470703125,4521.82470703125],"line":{"width":2.0,"color":"black"}},{"type":"scatter3d","name":"Obstacle","mode":"lines","x":[5.21,5.29,5.29,5.21,5.21],"y":[3.8,3.8,9.2,9.2,3.8],"z":[4521.82470703125,4521.82470703125,4521.82470703125,4521.82470703125,4521.82470703125],"line":{"width":2.0,"color":"black"}},{"type":"scatter3d","name":"Obstacle","mode":"lines","x":[5.71,5.79,5.79,5.71,5.71],"y":[3.8,3.8,9.2,9.2,3.8],"z":[4521.82470703125,4521.82470703125,4521.82470703125,4521.82470703125,4521.82470703125],"line":{"width":2.0,"color":"black"}}],"layout":{"title":{"text":"Charging Station Position Optimization with Obstacles"},"width":1200,"height":800,"xaxis":{"title":{"text":"X Coordinate"}},"yaxis":{"title":{"text":"Y Coordinate"}},"zaxis":{"title":{"text":"Energy Consumption (Wh)"}}},"config":{},"frames":null});
        </script>
    </div>
</body>

</html>