<!doctype html>
<html lang="en">

<head>
    <meta charset="utf-8" />
    <script src="https://cdn.jsdelivr.net/npm/mathjax@3.2.2/es5/tex-svg.js"></script>
        <script src="https://cdn.plot.ly/plotly-3.0.1.min.js"></script>
        
</head>

<body>
    <div>
        <div id="plotly-html-element" class="plotly-graph-div" style="height:100%; width:100%;"></div>

        <script type="module">
            const graph_div = document.getElementById("plotly-html-element");
            await Plotly.newPlot(graph_div, {"data":[{"type":"scatter3d","name":"Station 1","mode":"markers","x":[3.7512066,3.8418856,3.497672,9.909895,8.112523,1.1952386,0.6185204,2.269972,7.896965,9.675214,4.9303684,2.1163132,10.034585,10.152162,9.367163,2.3059397,7.070913,2.9426138,8.15864,10.04657,11.061974,10.976536,6.055412,3.4734364,1.9559182,5.964666,2.1774387,11.268034,9.717933,3.1316235,8.362591,2.6147826,6.1551747,5.380674,1.4410225,1.831631,7.0161653,10.184755,8.35553,7.606992,9.535383,10.035049,10.268841,11.342731,6.764922,0.832584,4.1430473,1.9027674,4.625512,11.159197,11.426185,1.6872004,8.275001,3.7781003,10.215076,6.6624937,1.5457139,9.174367,1.2569783,10.3947115,10.5857115,4.9311523,11.517728,9.987986,4.473258,7.7634363,3.0614643,2.2584965,7.251858,2.5522285,9.825735,0.63743806,8.605901,10.570354,9.655808,11.168511,6.8563285,0.88796043,11.411094,7.640228,7.543586,7.836741,8.682635,1.1178149,7.1708527,6.426786,4.694332,7.507982,9.552084,11.17205,6.1518397,9.659307,4.507635,1.013978,8.25436,5.4478116,3.7558863,3.4555228,8.399454,5.324801,11.6,4.2461452,11.469677,5.584736,1.2786288,1.4700795,8.450153,11.466328,11.383332,11.089484,11.524961,11.325827,9.843483,3.6957407,8.05498,4.870266,4.288344,9.922738,4.431785,11.30992,8.172813,10.867815,8.210669,9.898221,6.388062,0.958277,7.5766616,6.00298,1.3486216,10.329849,6.2276053,4.294281,2.0911977,6.2078238,5.210336,2.8711393,1.2015448,2.849794,7.364867,6.4077945,7.267907,10.325247,11.335035],"y":[9.730022,0.4994816,2.765376,1.8985497,9.510291,1.2027808,9.900425,1.7564731,0.42395383,11.1268425,2.4579098,8.126711,11.522935,7.6077795,8.652477,9.290839,2.9361944,0.7500107,3.0408497,8.443641,3.914368,10.574492,10.307811,11.049847,9.888116,11.422732,9.368739,9.568417,1.920605,9.617103,2.813691,2.5252318,9.707069,1.3446091,3.7192726,9.054237,2.6227987,6.5339284,2.897,9.763002,9.193433,6.723547,2.2017262,4.1459484,1.6995986,2.3353195,10.273678,2.9056063,0.7149872,6.255594,6.955882,4.8466735,9.474735,2.649726,1.4466021,10.960899,4.9067726,0.7791182,8.381977,3.1923847,7.0105176,0.52220577,1.5282755,10.142721,10.317884,11.363073,2.4146285,8.133303,3.0184622,10.803456,9.893415,8.5002165,8.649325,9.162453,9.178172,8.370487,1.461461,2.485399,9.596981,3.0962102,2.7966974,2.2114768,9.815471,6.3969426,10.378798,3.1010208,2.1051419,11.11302,2.6397724,1.6082346,10.995137,8.778387,11.091495,7.9790444,4.0836,0.61786616,3.1480138,10.916423,6.0717044,1.5784183,4.0581284,10.730339,4.406606,2.8188124,3.4997697,1.4902356,0.6005248,3.6966856,3.8651295,3.4896402,6.7033286,4.674209,9.463468,2.8966784,2.8359299,2.229862,10.435392,11.3192005,10.82075,6.6783376,0.5072465,3.6286974,4.200455,2.2104678,11.104841,8.321957,11.280207,9.925084,1.2765896,6.801244,10.593826,11.021603,9.207834,10.017738,0.66134256,2.5735173,1.4753382,2.2256658,10.144444,10.843066,2.7685897,7.315238,1.6154975],"z":[506.1939697265625,506.3930969238281,506.1471252441406,505.7396545410156,506.2718811035156,506.90936279296875,507.00848388671875,506.5350341796875,505.90478515625,506.75933837890625,505.8445129394531,506.5942687988281,506.9065246582031,506.19012451171875,506.2602233886719,506.5752868652344,505.2888488769531,506.5203857421875,505.306640625,506.34149169921875,506.1712646484375,506.8768005371094,505.5706481933594,506.328125,506.6643981933594,505.939453125,506.5499267578125,506.7225341796875,505.74127197265625,506.34100341796875,505.374267578125,506.4193115234375,505.5276184082031,505.92169189453125,506.22637939453125,506.60223388671875,505.38763427734375,506.07354736328125,505.3546142578125,505.79327392578125,506.3947448730469,506.0680236816406,506.2005920410156,506.2307434082031,505.615234375,506.8475341796875,506.0678405761719,506.57781982421875,506.2068786621094,506.2820129394531,506.3874206542969,506.143798828125,506.2490234375,506.0994567871094,505.8973693847656,505.86700439453125,506.2333068847656,505.8583679199219,506.7084045410156,506.0805969238281,506.2222900390625,506.1809997558594,506.52838134765625,506.6176452636719,505.9947204589844,506.2645568847656,506.302978515625,506.585693359375,505.3001708984375,506.5462951660156,506.56170654296875,506.81219482421875,506.20849609375,506.4970703125,506.4052429199219,506.4702453613281,505.6310729980469,506.8968200683594,506.71014404296875,505.2602233886719,505.2888488769531,505.4663391113281,506.4054870605469,506.52490234375,505.77294921875,505.3792724609375,505.88726806640625,506.1025085449219,505.5035400390625,506.5151672363281,505.86334228515625,506.27789306640625,506.0599365234375,506.73187255859375,505.7765197753906,506.02252197265625,506.07110595703125,506.314697265625,505.9048156738281,505.869384765625,506.3180236816406,506.0887756347656,506.336669921875,505.6534729003906,506.2828369140625,506.76031494140625,505.9098815917969,506.26739501953125,506.2303161621094,506.1933898925781,506.3966979980469,506.2348937988281,506.41412353515625,506.1112976074219,505.3431701660156,505.8548583984375,506.0833740234375,506.8749694824219,506.0333557128906,506.36871337890625,505.8780822753906,506.16070556640625,505.7930603027344,505.7046203613281,505.9083557128906,506.7735290527344,506.16925048828125,505.5617980957031,506.8379211425781,506.10760498046875,505.6605529785156,506.12384033203125,506.5666198730469,505.563720703125,506.06585693359375,506.310302734375,506.8687438964844,506.3543395996094,505.7895812988281,505.75689697265625,505.3129577636719,506.2146301269531,506.5050354003906],"marker":{"size":5,"color":"blue"}},{"type":"scatter3d","name":"Optimal Point","mode":"markers","x":[7.640228],"y":[3.0962102],"z":[505.2602233886719],"marker":{"size":10,"color":"red"}},{"type":"scatter3d","name":"Obstacle","mode":"lines","x":[8.81,8.89,8.89,8.81,8.81],"y":[3.8,3.8,5.4,5.4,3.8],"z":[505.2602233886719,505.2602233886719,505.2602233886719,505.2602233886719,505.2602233886719],"line":{"width":2.0,"color":"black"}},{"type":"scatter3d","name":"Obstacle","mode":"lines","x":[9.110001,9.190001,9.190001,9.110001,9.110001],"y":[3.8,3.8,5.4,5.4,3.8],"z":[505.2602233886719,505.2602233886719,505.2602233886719,505.2602233886719,505.2602233886719],"line":{"width":2.0,"color":"black"}},{"type":"scatter3d","name":"Obstacle","mode":"lines","x":[9.410001,9.490001,9.490001,9.410001,9.410001],"y":[3.8,3.8,5.4,5.4,3.8],"z":[505.2602233886719,505.2602233886719,505.2602233886719,505.2602233886719,505.2602233886719],"line":{"width":2.0,"color":"black"}},{"type":"scatter3d","name":"Obstacle","mode":"lines","x":[9.710001,9.790001,9.790001,9.710001,9.710001],"y":[3.8,3.8,5.4,5.4,3.8],"z":[505.2602233886719,505.2602233886719,505.2602233886719,505.2602233886719,505.2602233886719],"line":{"width":2.0,"color":"black"}},{"type":"scatter3d","name":"Obstacle","mode":"lines","x":[10.010001,10.090001,10.090001,10.010001,10.010001],"y":[3.8,3.8,5.4,5.4,3.8],"z":[505.2602233886719,505.2602233886719,505.2602233886719,505.2602233886719,505.2602233886719],"line":{"width":2.0,"color":"black"}},{"type":"scatter3d","name":"Obstacle","mode":"lines","x":[10.310001,10.390001,10.390001,10.310001,10.310001],"y":[3.8,3.8,5.4,5.4,3.8],"z":[505.2602233886719,505.2602233886719,505.2602233886719,505.2602233886719,505.2602233886719],"line":{"width":2.0,"color":"black"}},{"type":"scatter3d","name":"Obstacle","mode":"lines","x":[2.71,2.79,2.7899997,2.7099998,2.71],"y":[3.8,3.8,9.2,9.2,3.8],"z":[505.2602233886719,505.2602233886719,505.2602233886719,505.2602233886719,505.2602233886719],"line":{"width":2.0,"color":"black"}},{"type":"scatter3d","name":"Obstacle","mode":"lines","x":[3.21,3.29,3.2899997,3.2099998,3.21],"y":[3.8,3.8,9.2,9.2,3.8],"z":[505.2602233886719,505.2602233886719,505.2602233886719,505.2602233886719,505.2602233886719],"line":{"width":2.0,"color":"black"}},{"type":"scatter3d","name":"Obstacle","mode":"lines","x":[3.71,3.79,3.7899997,3.7099998,3.71],"y":[3.8,3.8,9.2,9.2,3.8],"z":[505.2602233886719,505.2602233886719,505.2602233886719,505.2602233886719,505.2602233886719],"line":{"width":2.0,"color":"black"}},{"type":"scatter3d","name":"Obstacle","mode":"lines","x":[4.21,4.29,4.29,4.21,4.21],"y":[3.8,3.8,9.2,9.2,3.8],"z":[505.2602233886719,505.2602233886719,505.2602233886719,505.2602233886719,505.2602233886719],"line":{"width":2.0,"color":"black"}},{"type":"scatter3d","name":"Obstacle","mode":"lines","x":[4.71,4.79,4.79,4.71,4.71],"y":[3.8,3.8,9.2,9.2,3.8],"z":[505.2602233886719,505.2602233886719,505.2602233886719,505.2602233886719,505.2602233886719],"line":{"width":2.0,"color":"black"}},{"type":"scatter3d","name":"Obstacle","mode":"lines","x":[5.21,5.29,5.29,5.21,5.21],"y":[3.8,3.8,9.2,9.2,3.8],"z":[505.2602233886719,505.2602233886719,505.2602233886719,505.2602233886719,505.2602233886719],"line":{"width":2.0,"color":"black"}},{"type":"scatter3d","name":"Obstacle","mode":"lines","x":[5.71,5.79,5.79,5.71,5.71],"y":[3.8,3.8,9.2,9.2,3.8],"z":[505.2602233886719,505.2602233886719,505.2602233886719,505.2602233886719,505.2602233886719],"line":{"width":2.0,"color":"black"}},{"type":"scatter3d","name":"Obstacle","mode":"lines","x":[6.21,6.29,6.29,6.21,6.21],"y":[3.8,3.8,9.2,9.2,3.8],"z":[505.2602233886719,505.2602233886719,505.2602233886719,505.2602233886719,505.2602233886719],"line":{"width":2.0,"color":"black"}},{"type":"scatter3d","name":"Obstacle","mode":"lines","x":[6.71,6.79,6.79,6.71,6.71],"y":[3.8,3.8,9.2,9.2,3.8],"z":[505.2602233886719,505.2602233886719,505.2602233886719,505.2602233886719,505.2602233886719],"line":{"width":2.0,"color":"black"}},{"type":"scatter3d","name":"Obstacle","mode":"lines","x":[7.21,7.29,7.29,7.21,7.21],"y":[3.8,3.8,9.2,9.2,3.8],"z":[505.2602233886719,505.2602233886719,505.2602233886719,505.2602233886719,505.2602233886719],"line":{"width":2.0,"color":"black"}},{"type":"scatter3d","name":"Obstacle","mode":"lines","x":[7.71,7.79,7.79,7.71,7.71],"y":[3.8,3.8,9.2,9.2,3.8],"z":[505.2602233886719,505.2602233886719,505.2602233886719,505.2602233886719,505.2602233886719],"line":{"width":2.0,"color":"black"}}],"layout":{"title":{"text":"Charging Station Position Optimization with Obstacles"},"width":1200,"height":800,"xaxis":{"title":{"text":"X Coordinate [m]"}},"yaxis":{"title":{"text":"Y Coordinate [m]"}},"zaxis":{"title":{"text":"Energy Consumption [Wh]"}}},"config":{},"frames":null});
        </script>
    </div>
</body>

</html>