<!doctype html>
<html lang="en">

<head>
    <meta charset="utf-8" />
    <script src="https://cdn.jsdelivr.net/npm/mathjax@3.2.2/es5/tex-svg.js"></script>
        <script src="https://cdn.plot.ly/plotly-3.0.1.min.js"></script>
        
</head>

<body>
    <div>
        <div id="plotly-html-element" class="plotly-graph-div" style="height:100%; width:100%;"></div>

        <script type="module">
            const graph_div = document.getElementById("plotly-html-element");
            await Plotly.newPlot(graph_div, {"data":[{"type":"scatter3d","name":"Station 1","mode":"markers","x":[8.569645,7.908549,11.532897,6.546004,7.3032413,3.5921147,0.9334035,6.7880654,1.7747885,10.44406,9.512851,1.5805278,0.5532959,1.7735268,8.6136265,11.051771,11.148237,0.85776484,4.2318954,3.09056,8.779255,3.251163,9.084662,10.517005,9.160032,0.62312794,2.6319551,6.252519,7.0337133,8.549308,1.8096532,9.35381,4.03697,2.9873319,1.523166,1.3650235,6.3636537,9.273653,11.228797,1.1084248,2.7673254,9.165663,4.0805316,0.9471607,2.8722625,10.0042925,0.83955085,0.83986723,1.1332998,7.2790604,4.158814,11.553571,10.934403,8.23735,1.2849749,9.033099,9.131269,1.3938626,9.342317,6.356676,0.48428765,1.7023997,9.495834,10.741055,2.747038,9.452235,0.8142258,10.377716,7.459111,8.221125,7.2942667,1.3659794,8.585163,10.784908,9.788605,10.648115,2.9231489,10.015899,4.8065886,2.3088582,5.072592,2.1132195,8.935747,11.129461,2.1383016,5.252003,8.986446,4.036663,10.654037,10.068152,8.401636,10.035913,0.69631255,6.8378396,8.749553,9.677667,5.222717,5.211598,8.842746,0.7441348,7.368931,7.3712626,7.473485,0.4,0.4,6.86996,7.222274,8.083936,6.752989,7.6903815,9.966403,2.6687453,8.019115,9.934937,7.133846,5.9351563,9.61415,7.089589,6.828162,7.3423157,6.98128,6.135597,6.351561,6.6930933,6.183866,6.4857483,0.6600153,2.674922,7.4655247,7.9178395,0.8344109,6.829777,6.852826,2.9081032,0.5551641,9.762734,10.428762,10.67827,1.3233275,0.4,0.59710217,11.6,11.599981,1.6846695],"y":[1.202407,11.379111,4.274623,2.775124,9.700738,1.1141112,1.4368702,10.1219635,7.60737,1.0297288,6.933712,3.45538,11.359555,2.5126414,10.491736,5.0912986,2.2464375,8.955407,0.54905415,10.20195,5.9465117,3.2366314,0.9860401,5.3147964,5.6386585,0.63305074,0.4127159,3.7157438,2.6902263,1.8426806,10.501066,3.3343585,0.6025627,1.0421349,9.788765,6.5099626,0.8999194,2.715192,11.18929,5.7052245,3.0531864,8.051565,1.7302214,1.5688171,10.368219,6.894739,10.092656,4.128578,6.647764,11.072322,0.953472,7.48596,11.37894,1.2470235,0.6680636,10.258108,0.716524,5.7260237,3.359514,1.909088,10.025303,5.470991,11.5670395,11.2322645,0.52623653,5.007553,9.498649,11.2607765,6.9414105,5.8011374,11.59039,1.5051522,0.8027476,5.387782,1.8044502,1.1657279,11.381857,10.029892,10.525184,11.52886,2.3945065,1.8965697,0.65886843,4.2650075,6.7672997,1.9362302,6.1784773,9.770571,1.4915991,1.6132908,9.69904,11.044773,3.1531353,10.795495,1.9571639,9.217693,1.3368119,2.4464757,10.494161,4.6915483,2.363951,3.3400667,8.709966,4.316416,3.6418493,0.4,0.4,11.6,3.357079,3.0584617,4.9292445,3.325114,6.0634146,3.4615214,2.977454,2.320617,6.643854,2.4053583,3.173814,2.9401956,3.3499823,3.5534034,2.8402805,3.2320828,3.6514468,2.6075773,4.3974304,11.535139,3.210685,3.0466237,9.821723,3.2958674,2.8895667,3.2368085,3.388621,6.8585687,1.36368,5.145677,5.476234,11.6,10.936097,0.4000006,11.599999,0.4],"z":[429.83172607421875,432.6495361328125,430.6126403808594,429.2178039550781,431.937744140625,430.62677001953125,431.5894470214844,432.1308288574219,434.1658020019531,430.3849182128906,431.2663269042969,431.181640625,434.40643310546875,431.1370544433594,432.3294677734375,431.77239990234375,430.397216796875,434.1263122558594,430.5583190917969,433.2070617675781,430.8255615234375,430.4831237792969,430.01513671875,431.5551452636719,430.9765930175781,431.82891845703125,431.1242980957031,429.2278137207031,429.1349792480469,429.59375,433.75958251953125,429.5612487792969,430.60418701171875,430.8603210449219,433.8349914550781,433.9126281738281,429.9278564453125,429.5921630859375,433.0498962402344,433.6584777832031,430.6923828125,431.4767761230469,430.31890869140625,431.56658935546875,433.3132629394531,431.4403076171875,434.13250732421875,431.5179443359375,434.0029602050781,432.5126037597656,430.47003173828125,432.13616943359375,433.0501403808594,429.7625427246094,431.5690612792969,432.2840881347656,430.12139892578125,433.60650634765625,429.5555419921875,429.5470886230469,434.2773132324219,433.4555969238281,432.86639404296875,432.9555969238281,431.0578918457031,431.2889099121094,434.1282653808594,432.8916015625,430.7862854003906,430.5839538574219,432.7303161621094,431.4055480957031,429.98822021484375,431.6630859375,429.9698486328125,430.4176940917969,433.4646301269531,432.366943359375,432.6109313964844,433.7193298339844,429.82135009765625,431.0582275390625,430.1031494140625,430.4471130371094,433.942138671875,429.85650634765625,430.93414306640625,432.7821960449219,430.34405517578125,430.111083984375,431.9857177734375,432.7477111816406,431.5571594238281,432.4079895019531,429.60272216796875,432.0023498535156,430.02978515625,429.75872802734375,432.35455322265625,433.5933532714844,429.2423400878906,428.87164306640625,431.5220031738281,431.9622802734375,431.6781005859375,430.077392578125,430.0624694824219,432.74884033203125,429.0148010253906,428.98773193359375,431.48846435546875,430.7266540527344,430.5405578613281,429.8017578125,429.0138244628906,429.5318298339844,431.2477111816406,429.24139404296875,429.02447509765625,429.00958251953125,428.9418029785156,429.2677917480469,429.26226806640625,429.0579833984375,429.2517395019531,429.2840270996094,431.8740539550781,433.588623046875,428.90777587890625,429.0388488769531,434.123779296875,428.99957275390625,429.09869384765625,430.627685546875,431.6123962402344,431.34326171875,430.294921875,431.618896484375,433.52862548828125,434.4767761230469,434.2983093261719,430.9315185546875,433.2804870605469,431.46966552734375],"marker":{"size":5,"color":"blue"}},{"type":"scatter3d","name":"Optimal Point","mode":"markers","x":[7.3712626],"y":[3.3400667],"z":[428.87164306640625],"marker":{"size":10,"color":"red"}},{"type":"scatter3d","name":"Obstacle","mode":"lines","x":[6.81,6.89,6.89,6.81,6.81],"y":[3.8,3.8,5.4,5.4,3.8],"z":[428.87164306640625,428.87164306640625,428.87164306640625,428.87164306640625,428.87164306640625],"line":{"width":2.0,"color":"black"}},{"type":"scatter3d","name":"Obstacle","mode":"lines","x":[7.11,7.19,7.19,7.11,7.11],"y":[3.8,3.8,5.4,5.4,3.8],"z":[428.87164306640625,428.87164306640625,428.87164306640625,428.87164306640625,428.87164306640625],"line":{"width":2.0,"color":"black"}},{"type":"scatter3d","name":"Obstacle","mode":"lines","x":[7.4100003,7.4900002,7.4900002,7.4100003,7.4100003],"y":[3.8,3.8,5.4,5.4,3.8],"z":[428.87164306640625,428.87164306640625,428.87164306640625,428.87164306640625,428.87164306640625],"line":{"width":2.0,"color":"black"}},{"type":"scatter3d","name":"Obstacle","mode":"lines","x":[7.7100005,7.7900004,7.7900004,7.7100005,7.7100005],"y":[3.8,3.8,5.4,5.4,3.8],"z":[428.87164306640625,428.87164306640625,428.87164306640625,428.87164306640625,428.87164306640625],"line":{"width":2.0,"color":"black"}},{"type":"scatter3d","name":"Obstacle","mode":"lines","x":[8.01,8.09,8.09,8.01,8.01],"y":[3.8,3.8,5.4,5.4,3.8],"z":[428.87164306640625,428.87164306640625,428.87164306640625,428.87164306640625,428.87164306640625],"line":{"width":2.0,"color":"black"}},{"type":"scatter3d","name":"Obstacle","mode":"lines","x":[8.31,8.39,8.39,8.31,8.31],"y":[3.8,3.8,5.4,5.4,3.8],"z":[428.87164306640625,428.87164306640625,428.87164306640625,428.87164306640625,428.87164306640625],"line":{"width":2.0,"color":"black"}},{"type":"scatter3d","name":"Obstacle","mode":"lines","x":[2.71,2.79,2.7899997,2.7099998,2.71],"y":[3.8,3.8,9.2,9.2,3.8],"z":[428.87164306640625,428.87164306640625,428.87164306640625,428.87164306640625,428.87164306640625],"line":{"width":2.0,"color":"black"}},{"type":"scatter3d","name":"Obstacle","mode":"lines","x":[3.21,3.29,3.2899997,3.2099998,3.21],"y":[3.8,3.8,9.2,9.2,3.8],"z":[428.87164306640625,428.87164306640625,428.87164306640625,428.87164306640625,428.87164306640625],"line":{"width":2.0,"color":"black"}},{"type":"scatter3d","name":"Obstacle","mode":"lines","x":[3.71,3.79,3.7899997,3.7099998,3.71],"y":[3.8,3.8,9.2,9.2,3.8],"z":[428.87164306640625,428.87164306640625,428.87164306640625,428.87164306640625,428.87164306640625],"line":{"width":2.0,"color":"black"}},{"type":"scatter3d","name":"Obstacle","mode":"lines","x":[4.21,4.29,4.29,4.21,4.21],"y":[3.8,3.8,9.2,9.2,3.8],"z":[428.87164306640625,428.87164306640625,428.87164306640625,428.87164306640625,428.87164306640625],"line":{"width":2.0,"color":"black"}},{"type":"scatter3d","name":"Obstacle","mode":"lines","x":[4.71,4.79,4.79,4.71,4.71],"y":[3.8,3.8,9.2,9.2,3.8],"z":[428.87164306640625,428.87164306640625,428.87164306640625,428.87164306640625,428.87164306640625],"line":{"width":2.0,"color":"black"}},{"type":"scatter3d","name":"Obstacle","mode":"lines","x":[5.21,5.29,5.29,5.21,5.21],"y":[3.8,3.8,9.2,9.2,3.8],"z":[428.87164306640625,428.87164306640625,428.87164306640625,428.87164306640625,428.87164306640625],"line":{"width":2.0,"color":"black"}},{"type":"scatter3d","name":"Obstacle","mode":"lines","x":[5.71,5.79,5.79,5.71,5.71],"y":[3.8,3.8,9.2,9.2,3.8],"z":[428.87164306640625,428.87164306640625,428.87164306640625,428.87164306640625,428.87164306640625],"line":{"width":2.0,"color":"black"}}],"layout":{"title":{"text":"Energy Consumption [Wh]"},"width":1200,"height":800,"xaxis":{},"yaxis":{},"zaxis":{}},"config":{},"frames":null});
        </script>
    </div>
</body>

</html>