<!doctype html>
<html lang="en">

<head>
    <meta charset="utf-8" />
    <script src="https://cdn.jsdelivr.net/npm/mathjax@3.2.2/es5/tex-svg.js"></script>
        <script src="https://cdn.plot.ly/plotly-3.0.1.min.js"></script>
        
</head>

<body>
    <div>
        <div id="plotly-html-element" class="plotly-graph-div" style="height:100%; width:100%;"></div>

        <script type="module">
            const graph_div = document.getElementById("plotly-html-element");
            await Plotly.newPlot(graph_div, {"data":[{"type":"scatter3d","name":"Station 1","mode":"markers","x":[11.148968,3.428537,4.985199,10.114629,2.0425344,9.339244,0.7311131,10.646273,6.4417076,1.7636908,0.5369885,1.6005576,3.999315,4.6141424,0.7304268,11.086819,5.265539,2.4667578,7.3328977,3.3754969,11.050654,10.399816,1.4334897,0.81126446,8.155716,8.758137,8.687373,2.2306561,7.352667,6.777575,8.965998,1.3142266,1.7275645,10.385439,10.044085,11.266264,9.29584,6.8564353,0.4087185,11.305858,9.728505,1.6494919,10.305628,2.1105425,4.008746,2.027765,5.651131,1.9221203,1.8142754,10.879416,5.7885485,9.618449,1.0342749,10.667329,11.429764,7.083188,10.810192,5.4051805,9.794212,8.308163,10.440222,1.2345759,9.460152,2.5166643,10.140706,7.4674816,1.2731029,11.228139,3.371649,10.376744,9.674727,1.4126787,5.7058454,4.6126213,11.0388155,2.3984451,10.3670025,10.0673065,6.5269856,0.61105424,3.1497374,0.51999074,9.715245,10.926533,2.880778,11.122227,8.269556,6.7428894,0.48030627,10.005201,10.28765,11.078464,9.767362,4.507148,0.50590366,9.751674,1.801127,10.488743,9.191214,11.537282,7.735112,4.473398,8.229267,0.74684584,3.2282007,0.9473592,3.4616544,2.1722877,4.355404,2.5579944,2.0749774,3.2391539,6.787912,2.1903148,0.87112343,2.0987334,0.43970513,3.010278,1.8395721,3.111428,0.5520647,2.312362,0.47955215,1.8197604,6.043989,2.9170752,0.60053545,1.8358421,1.8537269,1.3579273,10.282653,10.280713,6.7675023,1.9758142,10.507976,10.972273,1.8208985,1.91235,5.685868,6.6761336,9.930139],"y":[4.42266,11.40332,11.34625,11.195987,7.5385714,7.1196365,1.5737813,5.552587,10.745415,8.201775,8.910211,1.4452603,8.248061,2.5995178,7.7629166,2.2215464,0.9055257,10.93708,9.758954,2.1235268,8.926987,10.655207,3.887259,11.597872,9.146217,11.399161,5.7770796,1.731853,0.61223984,8.996507,2.6128,8.695726,4.9517,8.2503,4.131365,8.615698,2.1429853,10.569293,1.9533347,3.6922104,11.460932,3.7348044,9.639488,7.597203,10.686365,3.8467267,9.531687,11.416549,2.3700852,0.5345492,10.803473,11.136413,6.7255177,3.9353364,3.3712018,11.495199,6.1986327,3.250749,1.5365053,0.56392366,5.1959767,7.048839,8.394194,1.4818633,5.2752256,11.472908,4.453949,10.09986,3.4963381,3.7736623,3.711326,5.3323655,2.7231843,1.5654219,1.8958474,5.1231203,0.9070437,8.680964,3.03711,1.3777767,2.4855247,9.676116,6.5654473,11.094122,2.932846,5.689259,1.2787172,9.84737,2.7442942,3.8478937,9.684473,10.190356,5.659639,7.5168657,8.5089,5.6054373,4.3462443,10.756642,0.45155394,11.435073,9.726756,9.541937,9.968296,1.73592,1.1925504,8.543843,2.662453,0.4,10.297119,0.78547174,1.9012914,1.9424136,10.138985,10.71225,1.9582293,1.0936481,2.1705213,2.1501155,3.734908,2.1539898,1.2254722,10.830029,2.3897877,4.004146,10.267985,2.5051632,1.5326684,10.411952,3.5943875,1.8832692,9.52605,9.565761,9.850189,7.8734536,10.89213,10.739099,4.0481887,3.2290335,11.115431,9.471525,7.4894114],"z":[2131223.0,2127372.0,2128296.0,2129501.0,2145151.0,2136375.5,2131863.5,2153596.5,2127752.0,2131633.5,2130206.5,2127227.0,2131643.0,2130648.0,2136492.0,2132129.0,2132028.0,2130121.5,2125954.0,2132652.0,2127332.5,2127652.0,2132325.5,2127085.5,2125345.5,2128638.0,2152818.5,2148842.5,2130035.5,2125486.0,2126034.5,2126637.5,2144218.5,2128383.5,2129749.0,2127444.0,2129247.0,2127268.5,2128756.0,2129342.0,2127954.0,2125081.5,2128453.5,2133354.0,2130333.0,2126171.5,2127337.0,2132313.5,2134495.5,2127772.0,2151443.0,2128924.5,2153508.5,2130610.5,2131719.5,2128519.0,2149545.0,2150978.5,2130456.0,2130597.0,2145052.5,2153074.5,2130542.0,2128175.0,2145038.0,2128427.5,2137718.5,2124833.0,2132321.5,2127047.0,2129083.0,2149343.5,2128790.0,2128166.5,2131551.0,2148878.5,2127824.5,2137503.5,2151421.0,2131509.5,2126780.5,2131756.0,2152378.0,2153036.0,2129441.5,2148894.5,2129549.0,2126382.0,2130404.0,2128935.5,2128453.0,2124830.5,2152999.0,2141488.0,2135286.5,2149255.0,2134046.5,2134111.0,2129923.0,2130671.0,2125869.0,2129052.0,2126392.5,2129459.5,2130693.0,2128403.0,2132792.5,2127755.5,2129595.0,2126373.0,2131257.5,2127134.5,2126724.0,2131860.5,2131631.5,2124881.0,2130165.5,2135730.5,2128908.5,2129406.0,2134646.0,2130732.5,2127128.5,2125006.5,2127506.5,2129600.5,2133037.0,2126551.5,2132024.0,2128665.0,2128366.5,2128383.0,2126369.5,2148503.0,2129430.5,2126000.5,2127404.5,2126801.0,2128820.5,2126020.5,2132649.0],"marker":{"size":5,"color":"blue"}},{"type":"scatter3d","name":"Station 2","mode":"markers","x":[9.012956,7.860135,8.939951,1.890197,10.965775,6.2711897,5.1217976,10.016173,5.70584,6.0029593,4.871172,9.469575,8.989421,4.866992,0.41087744,0.8237294,1.39102,6.5214343,11.123789,1.3636763,9.69452,7.972661,2.306941,8.374309,3.822749,3.4382408,0.8695208,2.2124662,9.012389,2.2379315,8.817741,7.3672924,9.175896,2.8278434,3.5825617,9.76163,0.7414111,1.5768213,9.447568,11.051694,10.106028,8.010876,10.952226,10.673531,2.3342888,8.894802,8.553295,2.4650848,1.6481649,9.919669,2.0776646,0.8649132,2.3750386,1.226995,0.8228241,1.1639454,1.0571246,9.205537,3.0300817,9.710061,3.2671795,3.181072,9.668261,10.162792,10.652466,0.5873594,2.6355374,7.9190793,1.2998911,7.243479,4.2771115,2.9303787,5.9165473,6.6241975,3.431529,4.5802417,6.130157,9.084994,9.888435,3.0719907,8.949786,9.37653,11.57669,10.847859,9.753417,2.5354657,11.573455,5.052442,10.560097,7.113536,1.1823745,7.424424,11.003792,8.808762,0.5039984,0.85714936,9.672698,10.120323,9.460835,9.919533,11.451417,3.4203978,6.489397,5.63449,11.565515,6.645116,1.542992,9.506345,1.9582812,7.8741555,3.015782,8.800189,0.4,5.5923066,3.5759847,8.030691,9.889716,10.191755,10.174836,11.046525,1.0203701,7.39448,8.270432,7.301258,6.8886595,8.453068,2.360358,9.112041,9.612978,8.044608,0.4,0.4,1.816575,9.18654,9.150602,8.783382,9.515028,8.768345,1.0725529,5.115171,10.17989],"y":[1.8602138,10.7482195,2.7675712,2.4398253,6.9294662,10.755703,0.48341846,0.44351503,1.8832155,7.3795795,2.7599435,9.529944,7.430518,0.51863426,10.162465,8.418914,10.2976885,1.0064051,10.0317545,3.0237172,9.055941,2.5476449,9.5269,3.4196088,10.674432,9.634453,2.6420395,7.306762,1.3950362,9.852444,9.024408,3.4509954,5.2481422,3.3428154,11.261381,9.0919895,3.336213,7.8690486,3.2214987,8.53242,8.309505,9.004906,10.216273,7.357486,3.6251795,9.083011,1.078822,10.405268,10.976344,9.366249,5.9215446,7.101691,1.0887928,9.355575,5.009038,3.4364784,11.341856,6.079004,11.214902,0.7517557,1.5422158,2.901701,4.6252975,9.484599,2.210481,4.6812572,1.5348859,8.769987,10.091695,10.520834,0.5726435,2.83104,10.615174,11.143417,1.4790047,0.88123536,7.788521,6.7181854,5.892269,10.531724,9.796943,0.8617877,1.2797905,6.818053,2.6453989,10.194152,2.6962879,9.967147,3.4131534,11.546405,7.631643,8.795184,5.6473475,6.749246,0.9340403,8.233435,0.4402813,7.202641,1.6424397,1.7920986,9.676237,10.904463,3.0622125,11.6,10.476195,2.2472932,10.466839,7.968593,3.6075284,10.058903,9.408122,10.238404,7.1280775,0.4,11.6,8.691756,1.9094089,5.0008535,10.526757,9.293641,10.953078,0.4,3.1985252,8.981386,1.663759,1.2965237,11.401649,8.191319,7.4116178,11.6,9.247695,6.397065,10.031831,6.8290825,1.9453206,8.340639,9.69932,9.978748,5.1953197,10.494295,7.0466022],"z":[2131223.0,2127372.0,2128296.0,2129501.0,2145151.0,2136375.5,2131863.5,2153596.5,2127752.0,2131633.5,2130206.5,2127227.0,2131643.0,2130648.0,2136492.0,2132129.0,2132028.0,2130121.5,2125954.0,2132652.0,2127332.5,2127652.0,2132325.5,2127085.5,2125345.5,2128638.0,2152818.5,2148842.5,2130035.5,2125486.0,2126034.5,2126637.5,2144218.5,2128383.5,2129749.0,2127444.0,2129247.0,2127268.5,2128756.0,2129342.0,2127954.0,2125081.5,2128453.5,2133354.0,2130333.0,2126171.5,2127337.0,2132313.5,2134495.5,2127772.0,2151443.0,2128924.5,2153508.5,2130610.5,2131719.5,2128519.0,2149545.0,2150978.5,2130456.0,2130597.0,2145052.5,2153074.5,2130542.0,2128175.0,2145038.0,2128427.5,2137718.5,2124833.0,2132321.5,2127047.0,2129083.0,2149343.5,2128790.0,2128166.5,2131551.0,2148878.5,2127824.5,2137503.5,2151421.0,2131509.5,2126780.5,2131756.0,2152378.0,2153036.0,2129441.5,2148894.5,2129549.0,2126382.0,2130404.0,2128935.5,2128453.0,2124830.5,2152999.0,2141488.0,2135286.5,2149255.0,2134046.5,2134111.0,2129923.0,2130671.0,2125869.0,2129052.0,2126392.5,2129459.5,2130693.0,2128403.0,2132792.5,2127755.5,2129595.0,2126373.0,2131257.5,2127134.5,2126724.0,2131860.5,2131631.5,2124881.0,2130165.5,2135730.5,2128908.5,2129406.0,2134646.0,2130732.5,2127128.5,2125006.5,2127506.5,2129600.5,2133037.0,2126551.5,2132024.0,2128665.0,2128366.5,2128383.0,2126369.5,2148503.0,2129430.5,2126000.5,2127404.5,2126801.0,2128820.5,2126020.5,2132649.0],"marker":{"size":5,"color":"green"}},{"type":"scatter3d","name":"Optimal Point","mode":"markers","x":[11.078464,7.424424],"y":[10.190356,8.795184],"z":[2124830.5,2124830.5],"marker":{"size":10,"color":"red"}},{"type":"scatter3d","name":"Obstacle","mode":"lines","x":[6.81,6.89,6.89,6.81,6.81],"y":[3.8,3.8,8.400001,8.400001,3.8],"z":[2124830.5,2124830.5,2124830.5,2124830.5,2124830.5],"line":{"width":2.0,"color":"black"}},{"type":"scatter3d","name":"Obstacle","mode":"lines","x":[7.11,7.19,7.19,7.11,7.11],"y":[3.8,3.8,8.400001,8.400001,3.8],"z":[2124830.5,2124830.5,2124830.5,2124830.5,2124830.5],"line":{"width":2.0,"color":"black"}},{"type":"scatter3d","name":"Obstacle","mode":"lines","x":[7.4100003,7.4900002,7.4900002,7.4100003,7.4100003],"y":[3.8,3.8,8.400001,8.400001,3.8],"z":[2124830.5,2124830.5,2124830.5,2124830.5,2124830.5],"line":{"width":2.0,"color":"black"}},{"type":"scatter3d","name":"Obstacle","mode":"lines","x":[7.7100005,7.7900004,7.7900004,7.7100005,7.7100005],"y":[3.8,3.8,8.400001,8.400001,3.8],"z":[2124830.5,2124830.5,2124830.5,2124830.5,2124830.5],"line":{"width":2.0,"color":"black"}},{"type":"scatter3d","name":"Obstacle","mode":"lines","x":[8.01,8.09,8.09,8.01,8.01],"y":[3.8,3.8,8.400001,8.400001,3.8],"z":[2124830.5,2124830.5,2124830.5,2124830.5,2124830.5],"line":{"width":2.0,"color":"black"}},{"type":"scatter3d","name":"Obstacle","mode":"lines","x":[8.31,8.39,8.39,8.31,8.31],"y":[3.8,3.8,8.400001,8.400001,3.8],"z":[2124830.5,2124830.5,2124830.5,2124830.5,2124830.5],"line":{"width":2.0,"color":"black"}},{"type":"scatter3d","name":"Obstacle","mode":"lines","x":[2.71,2.79,2.7899997,2.7099998,2.71],"y":[3.8,3.8,9.2,9.2,3.8],"z":[2124830.5,2124830.5,2124830.5,2124830.5,2124830.5],"line":{"width":2.0,"color":"black"}},{"type":"scatter3d","name":"Obstacle","mode":"lines","x":[3.21,3.29,3.2899997,3.2099998,3.21],"y":[3.8,3.8,9.2,9.2,3.8],"z":[2124830.5,2124830.5,2124830.5,2124830.5,2124830.5],"line":{"width":2.0,"color":"black"}},{"type":"scatter3d","name":"Obstacle","mode":"lines","x":[3.71,3.79,3.7899997,3.7099998,3.71],"y":[3.8,3.8,9.2,9.2,3.8],"z":[2124830.5,2124830.5,2124830.5,2124830.5,2124830.5],"line":{"width":2.0,"color":"black"}},{"type":"scatter3d","name":"Obstacle","mode":"lines","x":[4.21,4.29,4.29,4.21,4.21],"y":[3.8,3.8,9.2,9.2,3.8],"z":[2124830.5,2124830.5,2124830.5,2124830.5,2124830.5],"line":{"width":2.0,"color":"black"}},{"type":"scatter3d","name":"Obstacle","mode":"lines","x":[4.71,4.79,4.79,4.71,4.71],"y":[3.8,3.8,9.2,9.2,3.8],"z":[2124830.5,2124830.5,2124830.5,2124830.5,2124830.5],"line":{"width":2.0,"color":"black"}},{"type":"scatter3d","name":"Obstacle","mode":"lines","x":[5.21,5.29,5.29,5.21,5.21],"y":[3.8,3.8,9.2,9.2,3.8],"z":[2124830.5,2124830.5,2124830.5,2124830.5,2124830.5],"line":{"width":2.0,"color":"black"}},{"type":"scatter3d","name":"Obstacle","mode":"lines","x":[5.71,5.79,5.79,5.71,5.71],"y":[3.8,3.8,9.2,9.2,3.8],"z":[2124830.5,2124830.5,2124830.5,2124830.5,2124830.5],"line":{"width":2.0,"color":"black"}}],"layout":{"title":{"text":"Charging Station Position Optimization with Obstacles"},"width":1200,"height":800,"xaxis":{"title":{"text":"X Coordinate"}},"yaxis":{"title":{"text":"Y Coordinate"}},"zaxis":{"title":{"text":"Energy Consumption (Wh)"}}},"config":{},"frames":null});
        </script>
    </div>
</body>

</html>