<!doctype html>
<html lang="en">

<head>
    <meta charset="utf-8" />
    <script src="https://cdn.jsdelivr.net/npm/mathjax@3.2.2/es5/tex-svg.js"></script>
        <script src="https://cdn.plot.ly/plotly-3.0.1.min.js"></script>
        
</head>

<body>
    <div>
        <div id="plotly-html-element" class="plotly-graph-div" style="height:100%; width:100%;"></div>

        <script type="module">
            const graph_div = document.getElementById("plotly-html-element");
            await Plotly.newPlot(graph_div, {"data":[{"type":"scatter3d","name":"Station 1","mode":"markers","x":[5.964909,6.636222,2.0139716,3.8428762,1.4429171,10.531772,1.412397,3.613616,1.2044591,7.8921933,7.4132385,8.147195,5.8818417,11.288117,0.88164794,10.50989,0.6664881,1.840483,5.1444626,2.305925,10.354184,5.5921593,5.382459,0.707692,2.080439,10.59376,1.3759303,1.7307755,5.0706387,4.794623,6.530488,6.5119815,3.8400698,6.723156,8.355925,5.1419406,7.1164665,8.759408,1.859896,8.498584,8.862108,1.7108485,11.379315,11.161239,9.81395,1.1487569,9.691969,9.77368,6.2003055,6.5785947,10.097516,0.46275845,9.88937,8.93453,9.105258,6.9132285,10.892617,5.743621,10.269607,0.99298155,9.332025,1.4398556,2.4217715,7.4433756,4.516204,3.5619192,5.1943746,8.074765,2.184416,1.0621928,1.8335322,1.252109,2.0430017,1.761349,10.344995,10.612122,11.132152,7.779717,2.1836832,0.8802327,11.372242,10.240885,6.022447,9.2648115,10.654164,5.568984,1.5780884,2.5317285,3.9791703,10.943814,6.479559,2.201191,5.9570785,4.4961476,7.624675,5.883058,2.7756126,5.7433605,2.9893854,8.492928,2.1229804,11.325055,11.458016,9.513861,9.919065,8.768583,11.152571,8.492783,8.886585,8.811184,9.040573,11.377888,8.819445,7.4973807,8.378576,11.329062,10.685473,9.178099,7.5605087,8.834983,8.954755,8.643511,8.969521,6.702705,8.602714,11.581531,9.791477,9.082701,8.863778,10.318112,9.53,7.736961,10.247004,2.9223163,10.444229,9.155463,9.320111,2.4523158,9.512666,8.999768,10.225158,1.1725737,1.4568695,6.8757257,6.333509,11.132976,7.5710273],"y":[3.4161775,11.525111,5.658125,2.1730607,2.2881796,1.3109862,9.770123,1.055959,4.7716093,10.302024,9.022418,10.998868,9.799446,7.8342934,3.6402588,10.9032345,1.1484164,2.4834392,10.090745,5.7702837,4.3424044,1.0113785,11.319877,4.9879227,6.870572,1.4633836,4.8487496,5.021966,10.308326,10.721581,10.282348,1.1469758,2.8664665,10.837646,1.9203967,1.2442757,1.2408137,8.733778,7.551346,9.224566,8.509887,6.0942497,2.0898519,1.3877877,10.84943,7.4476933,7.0910764,10.919751,5.468269,3.050742,6.247958,7.046691,8.096018,9.333995,8.9002905,0.5397976,7.4243298,10.774043,10.33106,2.7322938,7.4472485,3.0676768,0.7074036,2.473858,9.563799,10.554987,2.5094905,10.155468,1.3235339,4.707469,2.1979892,11.396268,4.484357,3.6379635,3.0060332,3.5038724,7.1367517,1.8615556,7.687238,8.381308,11.208157,11.554217,11.583848,8.572241,1.7146697,3.2254066,10.638929,11.113641,3.3176546,9.893267,10.987066,5.9770174,2.0964007,1.2025177,10.00891,10.608622,2.9156346,3.304697,1.279422,0.94780433,8.6462555,9.451282,8.333938,9.083296,8.428361,9.005626,8.708046,8.9079275,8.228082,8.190865,8.374379,7.9707794,9.758633,8.837455,9.949836,8.245784,7.588261,8.942256,2.2239928,8.618003,9.289689,10.164523,7.6104913,10.834272,8.757386,9.78,8.307774,8.341954,7.9242725,9.089493,7.627946,8.92196,8.674605,0.95945877,8.061285,7.6750617,9.275872,1.0410795,7.2872233,7.7600055,10.838206,3.1072383,10.217248,0.99632114,11.576701,1.8525277,8.974763],"z":[591.2271118164062,591.3121948242188,598.1627807617188,592.2150268554688,593.1749877929688,592.080810546875,592.6958618164062,592.5064086914062,597.10791015625,590.761962890625,590.2828979492188,591.0606689453125,590.9022216796875,591.8755493164062,593.3622436523438,591.5755615234375,593.6148681640625,592.9956665039062,591.2271118164062,598.1561279296875,591.98583984375,591.8937377929688,591.4872436523438,597.2691650390625,598.0123901367188,592.0654296875,597.056640625,597.1126098632812,591.3004150390625,591.4945678710938,590.86279296875,591.6522216796875,592.1406860351562,591.0341796875,591.3068237304688,591.9476318359375,591.5394287109375,590.524169921875,593.8458251953125,590.4894409179688,590.5741577148438,599.0519409179688,592.2357177734375,592.2821044921875,591.3416748046875,597.0423583984375,595.4683227539062,591.3504028320312,597.7923583984375,591.0191650390625,598.0366821289062,598.175537109375,591.033203125,590.665283203125,590.6749877929688,591.8423461914062,592.6730346679688,591.217529296875,591.35498046875,593.33251953125,592.1383056640625,593.1333618164062,593.0114135742188,591.024169921875,591.3902587890625,591.9058227539062,591.6348876953125,590.7188720703125,592.9923706054688,594.1795654296875,593.0220947265625,592.9338989257812,593.5618286132812,592.99072265625,591.7115478515625,591.8037719726562,595.9188842773438,591.2737426757812,593.5216674804688,593.0313720703125,591.9430541992188,591.6776123046875,591.4354248046875,590.73779296875,592.029296875,591.4005737304688,592.698486328125,592.39697265625,592.0609741210938,591.529052734375,591.1296997070312,598.9862670898438,591.457763671875,592.1661376953125,590.633056640625,591.1280517578125,592.5806884765625,591.3245849609375,592.6900024414062,591.70263671875,592.5391845703125,591.6327514648438,591.6646118164062,590.8584594726562,591.0175170898438,590.5479125976562,591.529052734375,590.4197387695312,590.62109375,590.6072387695312,590.6583251953125,591.7911376953125,590.7286376953125,590.2347412109375,590.6869506835938,591.614013671875,592.1697387695312,590.7079467773438,591.1229248046875,590.5570678710938,590.6646118164062,590.8153076171875,591.36279296875,591.03515625,590.4592895507812,591.770263671875,590.9724731445312,590.6787719726562,590.85400390625,591.1904296875,591.5211181640625,590.2545776367188,591.1476440429688,592.777099609375,591.2614135742188,591.3912353515625,590.8023681640625,592.9366455078125,592.5991821289062,591.0551147460938,591.4650268554688,593.2431640625,592.7044677734375,591.6611328125,591.372802734375,592.1799926757812,590.2650146484375],"marker":{"size":5,"color":"blue"}},{"type":"scatter3d","name":"Optimal Point","mode":"markers","x":[7.4973807],"y":[8.837455],"z":[590.2347412109375],"marker":{"size":10,"color":"red"}},{"type":"scatter3d","name":"Obstacle","mode":"lines","x":[6.81,6.89,6.89,6.81,6.81],"y":[3.8,3.8,8.400001,8.400001,3.8],"z":[590.2347412109375,590.2347412109375,590.2347412109375,590.2347412109375,590.2347412109375],"line":{"width":2.0,"color":"black"}},{"type":"scatter3d","name":"Obstacle","mode":"lines","x":[7.11,7.19,7.19,7.11,7.11],"y":[3.8,3.8,8.400001,8.400001,3.8],"z":[590.2347412109375,590.2347412109375,590.2347412109375,590.2347412109375,590.2347412109375],"line":{"width":2.0,"color":"black"}},{"type":"scatter3d","name":"Obstacle","mode":"lines","x":[7.4100003,7.4900002,7.4900002,7.4100003,7.4100003],"y":[3.8,3.8,8.400001,8.400001,3.8],"z":[590.2347412109375,590.2347412109375,590.2347412109375,590.2347412109375,590.2347412109375],"line":{"width":2.0,"color":"black"}},{"type":"scatter3d","name":"Obstacle","mode":"lines","x":[7.7100005,7.7900004,7.7900004,7.7100005,7.7100005],"y":[3.8,3.8,8.400001,8.400001,3.8],"z":[590.2347412109375,590.2347412109375,590.2347412109375,590.2347412109375,590.2347412109375],"line":{"width":2.0,"color":"black"}},{"type":"scatter3d","name":"Obstacle","mode":"lines","x":[8.01,8.09,8.09,8.01,8.01],"y":[3.8,3.8,8.400001,8.400001,3.8],"z":[590.2347412109375,590.2347412109375,590.2347412109375,590.2347412109375,590.2347412109375],"line":{"width":2.0,"color":"black"}},{"type":"scatter3d","name":"Obstacle","mode":"lines","x":[8.31,8.39,8.39,8.31,8.31],"y":[3.8,3.8,8.400001,8.400001,3.8],"z":[590.2347412109375,590.2347412109375,590.2347412109375,590.2347412109375,590.2347412109375],"line":{"width":2.0,"color":"black"}},{"type":"scatter3d","name":"Obstacle","mode":"lines","x":[2.71,2.79,2.7899997,2.7099998,2.71],"y":[3.8,3.8,9.2,9.2,3.8],"z":[590.2347412109375,590.2347412109375,590.2347412109375,590.2347412109375,590.2347412109375],"line":{"width":2.0,"color":"black"}},{"type":"scatter3d","name":"Obstacle","mode":"lines","x":[3.21,3.29,3.2899997,3.2099998,3.21],"y":[3.8,3.8,9.2,9.2,3.8],"z":[590.2347412109375,590.2347412109375,590.2347412109375,590.2347412109375,590.2347412109375],"line":{"width":2.0,"color":"black"}},{"type":"scatter3d","name":"Obstacle","mode":"lines","x":[3.71,3.79,3.7899997,3.7099998,3.71],"y":[3.8,3.8,9.2,9.2,3.8],"z":[590.2347412109375,590.2347412109375,590.2347412109375,590.2347412109375,590.2347412109375],"line":{"width":2.0,"color":"black"}},{"type":"scatter3d","name":"Obstacle","mode":"lines","x":[4.21,4.29,4.29,4.21,4.21],"y":[3.8,3.8,9.2,9.2,3.8],"z":[590.2347412109375,590.2347412109375,590.2347412109375,590.2347412109375,590.2347412109375],"line":{"width":2.0,"color":"black"}},{"type":"scatter3d","name":"Obstacle","mode":"lines","x":[4.71,4.79,4.79,4.71,4.71],"y":[3.8,3.8,9.2,9.2,3.8],"z":[590.2347412109375,590.2347412109375,590.2347412109375,590.2347412109375,590.2347412109375],"line":{"width":2.0,"color":"black"}},{"type":"scatter3d","name":"Obstacle","mode":"lines","x":[5.21,5.29,5.29,5.21,5.21],"y":[3.8,3.8,9.2,9.2,3.8],"z":[590.2347412109375,590.2347412109375,590.2347412109375,590.2347412109375,590.2347412109375],"line":{"width":2.0,"color":"black"}},{"type":"scatter3d","name":"Obstacle","mode":"lines","x":[5.71,5.79,5.79,5.71,5.71],"y":[3.8,3.8,9.2,9.2,3.8],"z":[590.2347412109375,590.2347412109375,590.2347412109375,590.2347412109375,590.2347412109375],"line":{"width":2.0,"color":"black"}}],"layout":{"title":{"text":"Charging Station Position Optimization with Obstacles"},"width":1200,"height":800,"xaxis":{"title":{"text":"X Coordinate [m]"}},"yaxis":{"title":{"text":"Y Coordinate [m]"}},"zaxis":{"title":{"text":"Energy Consumption [Wh]"}}},"config":{},"frames":null});
        </script>
    </div>
</body>

</html>