<!doctype html>
<html lang="en">

<head>
    <meta charset="utf-8" />
    <script src="https://cdn.jsdelivr.net/npm/mathjax@3.2.2/es5/tex-svg.js"></script>
        <script src="https://cdn.plot.ly/plotly-3.0.1.min.js"></script>
        
</head>

<body>
    <div>
        <div id="plotly-html-element" class="plotly-graph-div" style="height:100%; width:100%;"></div>

        <script type="module">
            const graph_div = document.getElementById("plotly-html-element");
            await Plotly.newPlot(graph_div, {"data":[{"type":"scatter3d","name":"Station 1","mode":"markers","x":[6.6171107,9.365988,10.954959,9.458657,7.807687,1.8485218,11.181976,11.114669,3.970572,2.9418502,7.9797854,10.801525,5.005808,1.7205977,4.748005,8.930284,8.407,4.3419075,10.145882,11.259025,8.922576,3.1346917,6.7477093,10.055045,5.8832006,0.58770525,9.56158,1.6757569,9.236189,9.0156555,2.8797207,7.2296057,11.439938,6.9023805,9.74774,8.6369,1.217753,9.505871,6.419448,2.4051757,9.971657,11.084734,3.8734844,2.7147741,9.726805,5.256998,5.0378957,7.5963907,11.297066,8.392405,0.83726776,2.7544026,1.8612806,10.775602,7.3030596,3.068387,8.131542,9.594009,10.347957,7.793334,2.558916,4.208006,10.797978,6.391203,5.588412,6.270725,9.052889,4.885382,8.937239,8.450333,5.4101634,8.432147,3.0059679,3.259561,3.059041,5.421344,1.8237749,9.329425,7.6122255,6.5476203,8.538436,7.63154,10.434799,1.8352011,3.0649357,1.9377549,10.484869,1.3641169,10.438108,0.50965804,8.893475,11.218419,10.419641,9.511743,1.3020447,2.9187162,10.976746,2.5810902,7.4164867,4.1396036,5.7372227,8.2901,7.8673234,7.645538,7.657144,6.1423326,7.7332544,8.7302475,8.241709,8.162994,6.418582,11.44021,0.4,11.6,9.603119,11.555305,11.6,11.6,0.4,10.598879,11.6,1.4792182,0.774393,2.9880223,0.4,11.165562,1.0521402,0.4,1.563247,10.189609,11.6,9.91127,0.4,0.40018466,11.593211,8.016258,11.0252695,0.4,8.083091,7.5520816,11.6,9.164278,0.4,7.655721,10.564399,1.6885312,11.599973,7.681334,6.8600674],"y":[3.1890094,9.607175,0.903543,0.6962084,3.236084,11.129636,9.247447,2.1868114,1.9630866,0.885903,9.810348,10.726062,0.8326762,0.986609,1.8708508,11.075285,5.8534884,10.466943,5.1511307,6.8278008,7.7031145,10.4234085,7.4785256,4.6551085,10.770295,4.2187433,0.40871316,6.94832,7.3159266,2.6272821,11.307214,11.030417,4.2817035,11.374858,5.984409,6.268394,8.98896,1.5263476,1.7835003,0.68750995,7.8594584,4.3942947,1.7279971,2.250013,7.11583,1.0116696,2.5614395,6.148587,4.245465,2.3544335,9.491195,2.210517,7.891853,11.04491,8.798461,3.0357149,6.6584706,10.080629,4.923384,10.008255,11.438949,3.3622084,7.7455306,10.471079,10.188977,11.106078,5.596684,10.965918,2.7687273,9.919756,1.7107564,11.117696,11.277056,9.88038,0.47052765,3.0466108,2.9352453,7.1748486,3.0698063,8.057773,0.8191658,8.631441,8.728442,4.0553093,10.712534,3.1394956,10.164351,5.409054,10.129244,0.55457634,10.939259,2.3066018,5.6881843,9.758014,0.82157445,1.7755228,6.239449,1.3521353,11.171359,2.029243,10.0135145,6.1064124,6.291517,6.1250644,3.2918355,10.7073,3.280698,5.7188187,5.9002137,5.869231,10.1543045,11.6,8.46606,11.438719,11.35747,10.343211,8.922566,10.956281,10.242713,11.6,11.6,10.88291,1.2001368,11.5994625,10.634013,11.6,11.6,11.439585,11.6,11.6,11.599907,11.6,9.775034,6.9270787,10.791847,1.1848834,11.6,8.309948,3.030598,7.5933485,11.201826,10.398112,11.196569,0.4724246,11.556481,11.6,11.599999,1.7829881,9.178477],"z":[4561.40869140625,4572.45947265625,4578.26806640625,4561.68408203125,4538.30078125,4555.0234375,4575.07373046875,4576.861328125,4565.5302734375,4584.8828125,4561.5830078125,4575.60205078125,4565.50341796875,4595.0556640625,4564.765625,4574.1484375,4537.92919921875,4564.71142578125,4560.8125,4563.6123046875,4560.068359375,4559.21875,4558.18603515625,4565.5576171875,4540.8330078125,4585.701171875,4562.47265625,4557.8701171875,4560.2880859375,4573.986328125,4553.9453125,4568.0419921875,4567.875,4568.3203125,4560.6142578125,4539.0078125,4554.9736328125,4575.94970703125,4562.93408203125,4594.39501953125,4561.943359375,4573.1142578125,4564.78369140625,4565.833984375,4561.04638671875,4565.11328125,4562.24169921875,4536.86669921875,4567.5576171875,4573.3056640625,4555.76416015625,4565.78369140625,4555.330078125,4576.0517578125,4559.81103515625,4564.42138671875,4537.8720703125,4573.44140625,4561.0517578125,4561.67138671875,4554.40869140625,4561.875,4572.9892578125,4540.541015625,4537.48974609375,4541.44775390625,4539.86474609375,4565.5703125,4573.54296875,4562.19970703125,4563.0,4599.35302734375,4553.51416015625,4558.494140625,4593.8779296875,4561.6767578125,4584.724609375,4560.13134765625,4538.3466796875,4558.8427734375,4567.083984375,4559.708984375,4573.265625,4584.09619140625,4552.751953125,4584.3134765625,4574.94873046875,4593.65966796875,4574.78173828125,4600.2080078125,4575.6005859375,4576.970703125,4561.40087890625,4572.92138671875,4596.11474609375,4565.90625,4562.6630859375,4584.88037109375,4568.33642578125,4565.140625,4539.19775390625,4537.61669921875,4537.318359375,4536.8720703125,4538.0712890625,4540.79296875,4538.0361328125,4539.1962890625,4537.50341796875,4537.330078125,4540.13037109375,4577.6767578125,4556.4267578125,4577.70947265625,4574.8642578125,4576.3017578125,4575.390625,4577.2236328125,4556.93408203125,4576.626953125,4577.890625,4555.4130859375,4596.4423828125,4554.1767578125,4557.1484375,4577.203125,4556.7880859375,4570.9267578125,4555.830078125,4576.07373046875,4577.890625,4575.7236328125,4556.63916015625,4595.92041015625,4576.93408203125,4553.94140625,4577.05908203125,4569.83251953125,4539.123046875,4558.22265625,4577.44140625,4573.2236328125,4570.5703125,4559.95068359375,4576.53173828125,4555.7373046875,4577.890625,4563.5,4559.76806640625],"marker":{"size":5,"color":"blue"}},{"type":"scatter3d","name":"Optimal Point","mode":"markers","x":[7.5963907],"y":[6.148587],"z":[4536.86669921875],"marker":{"size":10,"color":"red"}},{"type":"scatter3d","name":"Obstacle","mode":"lines","x":[6.81,6.89,6.89,6.81,6.81],"y":[3.8,3.8,5.4,5.4,3.8],"z":[4536.86669921875,4536.86669921875,4536.86669921875,4536.86669921875,4536.86669921875],"line":{"width":2.0,"color":"black"}},{"type":"scatter3d","name":"Obstacle","mode":"lines","x":[7.11,7.19,7.19,7.11,7.11],"y":[3.8,3.8,5.4,5.4,3.8],"z":[4536.86669921875,4536.86669921875,4536.86669921875,4536.86669921875,4536.86669921875],"line":{"width":2.0,"color":"black"}},{"type":"scatter3d","name":"Obstacle","mode":"lines","x":[7.4100003,7.4900002,7.4900002,7.4100003,7.4100003],"y":[3.8,3.8,5.4,5.4,3.8],"z":[4536.86669921875,4536.86669921875,4536.86669921875,4536.86669921875,4536.86669921875],"line":{"width":2.0,"color":"black"}},{"type":"scatter3d","name":"Obstacle","mode":"lines","x":[7.7100005,7.7900004,7.7900004,7.7100005,7.7100005],"y":[3.8,3.8,5.4,5.4,3.8],"z":[4536.86669921875,4536.86669921875,4536.86669921875,4536.86669921875,4536.86669921875],"line":{"width":2.0,"color":"black"}},{"type":"scatter3d","name":"Obstacle","mode":"lines","x":[8.01,8.09,8.09,8.01,8.01],"y":[3.8,3.8,5.4,5.4,3.8],"z":[4536.86669921875,4536.86669921875,4536.86669921875,4536.86669921875,4536.86669921875],"line":{"width":2.0,"color":"black"}},{"type":"scatter3d","name":"Obstacle","mode":"lines","x":[8.31,8.39,8.39,8.31,8.31],"y":[3.8,3.8,5.4,5.4,3.8],"z":[4536.86669921875,4536.86669921875,4536.86669921875,4536.86669921875,4536.86669921875],"line":{"width":2.0,"color":"black"}},{"type":"scatter3d","name":"Obstacle","mode":"lines","x":[2.71,2.79,2.7899997,2.7099998,2.71],"y":[3.8,3.8,9.2,9.2,3.8],"z":[4536.86669921875,4536.86669921875,4536.86669921875,4536.86669921875,4536.86669921875],"line":{"width":2.0,"color":"black"}},{"type":"scatter3d","name":"Obstacle","mode":"lines","x":[3.21,3.29,3.2899997,3.2099998,3.21],"y":[3.8,3.8,9.2,9.2,3.8],"z":[4536.86669921875,4536.86669921875,4536.86669921875,4536.86669921875,4536.86669921875],"line":{"width":2.0,"color":"black"}},{"type":"scatter3d","name":"Obstacle","mode":"lines","x":[3.71,3.79,3.7899997,3.7099998,3.71],"y":[3.8,3.8,9.2,9.2,3.8],"z":[4536.86669921875,4536.86669921875,4536.86669921875,4536.86669921875,4536.86669921875],"line":{"width":2.0,"color":"black"}},{"type":"scatter3d","name":"Obstacle","mode":"lines","x":[4.21,4.29,4.29,4.21,4.21],"y":[3.8,3.8,9.2,9.2,3.8],"z":[4536.86669921875,4536.86669921875,4536.86669921875,4536.86669921875,4536.86669921875],"line":{"width":2.0,"color":"black"}},{"type":"scatter3d","name":"Obstacle","mode":"lines","x":[4.71,4.79,4.79,4.71,4.71],"y":[3.8,3.8,9.2,9.2,3.8],"z":[4536.86669921875,4536.86669921875,4536.86669921875,4536.86669921875,4536.86669921875],"line":{"width":2.0,"color":"black"}},{"type":"scatter3d","name":"Obstacle","mode":"lines","x":[5.21,5.29,5.29,5.21,5.21],"y":[3.8,3.8,9.2,9.2,3.8],"z":[4536.86669921875,4536.86669921875,4536.86669921875,4536.86669921875,4536.86669921875],"line":{"width":2.0,"color":"black"}},{"type":"scatter3d","name":"Obstacle","mode":"lines","x":[5.71,5.79,5.79,5.71,5.71],"y":[3.8,3.8,9.2,9.2,3.8],"z":[4536.86669921875,4536.86669921875,4536.86669921875,4536.86669921875,4536.86669921875],"line":{"width":2.0,"color":"black"}}],"layout":{"title":{"text":"Charging Station Position Optimization with Obstacles"},"width":1200,"height":800,"xaxis":{"title":{"text":"X Coordinate"}},"yaxis":{"title":{"text":"Y Coordinate"}},"zaxis":{"title":{"text":"Energy Consumption (Wh)"}}},"config":{},"frames":null});
        </script>
    </div>
</body>

</html>