<!doctype html>
<html lang="en">

<head>
    <meta charset="utf-8" />
    <script src="https://cdn.jsdelivr.net/npm/mathjax@3.2.2/es5/tex-svg.js"></script>
        <script src="https://cdn.plot.ly/plotly-3.0.1.min.js"></script>
        
</head>

<body>
    <div>
        <div id="plotly-html-element" class="plotly-graph-div" style="height:100%; width:100%;"></div>

        <script type="module">
            const graph_div = document.getElementById("plotly-html-element");
            await Plotly.newPlot(graph_div, {"data":[{"type":"scatter3d","name":"Station 1","mode":"markers","x":[7.652965,3.238423,4.553118,8.561107,1.2372996,0.62988514,6.6482344,2.0151293,10.98797,9.352268,2.7801669,4.2124224,8.8821745,3.0097356,7.967066,0.66234916,8.144011,1.8409315,1.0435314,8.962849,8.427304,6.302508,0.6105469,8.113418,8.196798,10.909701,1.0541753,8.179251,3.9357114,0.9927987,6.443192,3.1744175,11.236167,10.785146,10.883164,2.8431056,1.8861169,7.9460545,10.599231,5.789945,3.00071,7.518358,9.802887,9.340727,10.884524,3.0962996,9.633711,3.544697,4.6344404,5.2118864,6.960686,1.4472804,1.0859517,4.0386295,10.653544,5.19664,10.948764,9.770817,4.2687764,2.01914,10.9981365,5.614411,0.5403637,3.1976397,2.086386,4.80424,9.421967,2.9060936,0.51468754,1.240261,5.138906,1.6503612,7.333234,8.384549,7.840713,9.5374565,9.742906,8.28141,11.2249155,0.5162817,8.01615,1.6183658,1.8926177,1.8808444,8.420324,5.187333,9.263703,3.358757,6.658252,7.496585,8.779807,10.253538,2.2572215,1.0825257,3.577316,8.42072,0.44665527,11.353527,10.873415,4.545752,4.4213037,2.653784,9.009289,7.7750607,8.070807,2.0399845,2.29326,11.343121,6.4948997,0.7866707,4.3164034,11.6,0.4,11.6,10.668902,11.6,0.4,11.6,11.115136,0.4,11.6,4.3669186,7.1450696,10.981341,5.89349,2.4260123,3.1452816,11.6,2.970854],"y":[1.1915749,1.0197953,10.548834,8.525805,8.606328,3.4557552,1.5478741,10.243947,4.1303725,8.808005,10.63089,10.737383,11.259885,7.3496404,10.689747,11.227336,3.4655604,2.5473711,8.444618,10.142621,1.9020197,1.783945,2.602032,8.477571,1.4461322,7.651531,1.8782182,1.3736979,3.4246743,1.4407475,10.556413,2.516651,5.815887,10.879647,4.8827825,1.0445181,5.6388626,0.5309376,4.36725,10.628943,3.1159623,10.933749,10.868685,10.181905,9.129677,3.0566552,2.4983165,0.70898044,2.9654903,3.1046243,2.8663292,9.829613,8.430976,1.8720257,1.0972257,1.4332533,3.2824347,2.0077379,1.1846709,0.5011158,1.7884136,10.850774,2.2035315,10.77065,9.635034,10.848872,9.519386,10.753139,8.953379,1.1691365,3.5790517,8.8199415,3.3896015,0.71731436,2.5942867,10.170138,8.749858,7.050695,6.2757664,2.7355182,2.5807912,7.968561,7.335922,1.7352109,9.923078,9.737202,2.0026243,10.896091,3.0100694,6.8746295,11.340129,0.5386708,3.9843695,5.1601787,1.9490769,8.514192,3.2947035,11.323054,9.476971,10.802037,2.5935133,1.4227526,3.3257363,2.8614535,8.942276,2.0469022,3.1015978,2.7418642,3.2869556,6.117951,1.0398004,6.745528,7.717987,1.968497,4.5843663,7.027239,2.2133045,5.7361135,1.1888424,5.338181,4.027174,0.4,11.6,7.042672,2.860115,7.039196,2.8606954,4.3799567,2.4159513],"z":[2181056.5,2147388.5,2147515.0,2146851.0,2145216.0,2147359.0,2146927.5,2186545.0,2146851.5,2146651.0,2183073.5,2143855.5,2145805.0,2184158.5,2146243.5,2147848.5,2145647.5,2180542.5,2145381.0,2146877.5,2146519.5,2146579.0,2145754.5,2145892.0,2147266.0,2176664.5,2147177.0,2147354.75,2146557.5,2179536.5,2147069.5,2146139.5,2190494.5,2181836.5,2182485.5,2182349.5,2195052.0,2181486.0,2181750.0,2144477.0,2178140.5,2147113.0,2146741.5,2146743.0,2146983.5,2180743.0,2146688.5,2179429.0,2178567.5,2145319.0,2146708.5,2146330.5,2193595.0,2180122.5,2148587.5,2146397.5,2148987.5,2147156.5,2180345.5,2146682.0,2148343.5,2182230.0,2181024.5,2148112.0,2179393.0,2183123.0,2147182.5,2148120.5,2183222.5,2183794.0,2178389.0,2146183.5,2146384.0,2181798.0,2146544.5,2145070.5,2142794.0,2181797.0,2190745.0,2182821.5,2146407.5,2183780.5,2185535.5,2147524.0,2146940.0,2143511.0,2146321.0,2184783.5,2180011.0,2193519.5,2146009.5,2179317.0,2145257.5,2181630.0,2194939.5,2146125.5,2184247.5,2148565.0,2146529.0,2179416.0,2144380.5,2147131.0,2146022.5,2146377.5,2144754.5,2147136.5,2147178.0,2149669.5,2180242.5,2194442.0,2194825.5,2181907.0,2179985.5,2146397.5,2192557.0,2181775.5,2148029.0,2234579.0,2146813.5,2194712.0,2181568.5,2183514.5,2146753.5,2179112.0,2146285.5,2194077.0,2237449.0,2192751.5,2145803.0],"marker":{"size":5,"color":"blue"}},{"type":"scatter3d","name":"Station 2","mode":"markers","x":[4.726003,11.4919815,8.296868,1.8211981,11.138905,7.863903,11.063442,1.625478,4.663557,11.175508,4.39436,9.058679,0.687809,1.9221617,6.411555,7.4288344,9.977421,6.5172915,11.271489,1.6538392,11.367482,7.92072,8.188884,3.2264187,9.4869375,3.2319276,10.324658,5.699183,7.8946834,4.1713376,5.611627,8.64407,4.4283714,8.186841,11.569699,1.1882464,2.021335,5.0493684,8.091181,10.508793,11.022857,8.012481,4.1766953,2.5361679,0.9286517,1.0755242,0.51918966,5.3086257,3.5239155,8.947664,9.30678,9.107902,1.6546763,2.7211027,1.4699831,10.73877,0.8431677,1.4595317,4.5082664,10.229017,2.3879483,1.3663065,7.9103794,9.925592,6.0451803,2.6954772,3.8084855,10.308987,11.412827,1.0360694,2.2075422,11.25556,2.0348012,2.4712932,1.6605176,7.183283,4.373772,4.45624,8.228391,1.841511,2.2903426,0.83961225,3.4303446,8.53657,1.8275815,11.143602,8.000568,1.7682863,8.068205,1.3694602,9.599677,1.1972413,8.756027,7.5666666,2.1547692,2.4971004,1.1820914,11.050509,7.249263,3.4614067,9.207026,9.669074,2.1403995,10.668182,2.3929176,9.036159,8.552562,0.53848475,2.362731,2.1228662,0.4,8.29723,6.261367,1.2184439,8.542443,8.044638,8.02576,8.308805,0.5264751,1.819666,8.33078,0.48695287,9.462129,1.478526,10.51257,1.5881367,1.7047606,8.187795,8.867957],"y":[9.705946,2.9212756,1.509422,9.24478,9.715868,1.6272899,11.585453,9.799206,0.7708657,8.243585,10.037586,9.992984,8.035834,6.482639,10.106914,10.324204,2.7342994,3.5513368,10.115503,2.1671593,3.525925,2.0945475,9.587735,2.2377098,1.1833063,3.3876374,2.9339113,0.59227544,2.473786,3.5711997,1.5980568,2.790521,1.7526518,7.4762626,2.241989,2.603817,0.49954835,10.47731,7.078666,8.857826,1.0018536,1.181859,0.90917325,0.7419638,2.1388783,1.3664708,5.3872375,10.158377,9.794782,2.9968622,0.6891148,2.5321238,6.52356,2.879025,11.359024,10.839502,10.666598,9.872104,8.784726,3.3138895,11.14226,10.874773,1.1705651,1.1531241,3.3738267,10.46924,11.039029,1.311308,1.081718,4.2794843,10.147789,11.586548,10.044007,10.89116,0.5071146,3.188633,9.867344,11.561828,9.957937,1.9544282,11.063191,1.1829939,11.076067,1.2204661,2.063894,10.125098,3.3448594,10.097978,1.075607,9.935927,3.115929,3.2656026,2.518472,0.9310416,6.4136014,1.5100641,1.2693096,0.8774849,11.364026,2.7870455,8.671991,2.1105478,8.376559,0.6082908,4.9264874,11.03512,10.94613,5.6397414,5.9310446,6.8591495,5.5054116,7.645694,2.4565213,5.824092,6.5204983,6.862596,10.494699,6.22377,4.7062893,6.739995,7.522415,4.54067,2.405222,6.3322268,1.3635175,6.420905,6.171747,6.380833,9.788998],"z":[2181056.5,2147388.5,2147515.0,2146851.0,2145216.0,2147359.0,2146927.5,2186545.0,2146851.5,2146651.0,2183073.5,2143855.5,2145805.0,2184158.5,2146243.5,2147848.5,2145647.5,2180542.5,2145381.0,2146877.5,2146519.5,2146579.0,2145754.5,2145892.0,2147266.0,2176664.5,2147177.0,2147354.75,2146557.5,2179536.5,2147069.5,2146139.5,2190494.5,2181836.5,2182485.5,2182349.5,2195052.0,2181486.0,2181750.0,2144477.0,2178140.5,2147113.0,2146741.5,2146743.0,2146983.5,2180743.0,2146688.5,2179429.0,2178567.5,2145319.0,2146708.5,2146330.5,2193595.0,2180122.5,2148587.5,2146397.5,2148987.5,2147156.5,2180345.5,2146682.0,2148343.5,2182230.0,2181024.5,2148112.0,2179393.0,2183123.0,2147182.5,2148120.5,2183222.5,2183794.0,2178389.0,2146183.5,2146384.0,2181798.0,2146544.5,2145070.5,2142794.0,2181797.0,2190745.0,2182821.5,2146407.5,2183780.5,2185535.5,2147524.0,2146940.0,2143511.0,2146321.0,2184783.5,2180011.0,2193519.5,2146009.5,2179317.0,2145257.5,2181630.0,2194939.5,2146125.5,2184247.5,2148565.0,2146529.0,2179416.0,2144380.5,2147131.0,2146022.5,2146377.5,2144754.5,2147136.5,2147178.0,2149669.5,2180242.5,2194442.0,2194825.5,2181907.0,2179985.5,2146397.5,2192557.0,2181775.5,2148029.0,2234579.0,2146813.5,2194712.0,2181568.5,2183514.5,2146753.5,2179112.0,2146285.5,2194077.0,2237449.0,2192751.5,2145803.0],"marker":{"size":5,"color":"green"}},{"type":"scatter3d","name":"Optimal Point","mode":"markers","x":[9.742906,4.373772],"y":[8.749858,9.867344],"z":[2142794.0,2142794.0],"marker":{"size":10,"color":"red"}},{"type":"scatter3d","name":"Obstacle","mode":"lines","x":[8.81,8.89,8.89,8.81,8.81],"y":[3.8,3.8,8.400001,8.400001,3.8],"z":[2142794.0,2142794.0,2142794.0,2142794.0,2142794.0],"line":{"width":2.0,"color":"black"}},{"type":"scatter3d","name":"Obstacle","mode":"lines","x":[9.110001,9.190001,9.190001,9.110001,9.110001],"y":[3.8,3.8,8.400001,8.400001,3.8],"z":[2142794.0,2142794.0,2142794.0,2142794.0,2142794.0],"line":{"width":2.0,"color":"black"}},{"type":"scatter3d","name":"Obstacle","mode":"lines","x":[9.410001,9.490001,9.490001,9.410001,9.410001],"y":[3.8,3.8,8.400001,8.400001,3.8],"z":[2142794.0,2142794.0,2142794.0,2142794.0,2142794.0],"line":{"width":2.0,"color":"black"}},{"type":"scatter3d","name":"Obstacle","mode":"lines","x":[9.710001,9.790001,9.790001,9.710001,9.710001],"y":[3.8,3.8,8.400001,8.400001,3.8],"z":[2142794.0,2142794.0,2142794.0,2142794.0,2142794.0],"line":{"width":2.0,"color":"black"}},{"type":"scatter3d","name":"Obstacle","mode":"lines","x":[10.010001,10.090001,10.090001,10.010001,10.010001],"y":[3.8,3.8,8.400001,8.400001,3.8],"z":[2142794.0,2142794.0,2142794.0,2142794.0,2142794.0],"line":{"width":2.0,"color":"black"}},{"type":"scatter3d","name":"Obstacle","mode":"lines","x":[10.310001,10.390001,10.390001,10.310001,10.310001],"y":[3.8,3.8,8.400001,8.400001,3.8],"z":[2142794.0,2142794.0,2142794.0,2142794.0,2142794.0],"line":{"width":2.0,"color":"black"}},{"type":"scatter3d","name":"Obstacle","mode":"lines","x":[2.71,2.79,2.7899997,2.7099998,2.71],"y":[3.8,3.8,9.2,9.2,3.8],"z":[2142794.0,2142794.0,2142794.0,2142794.0,2142794.0],"line":{"width":2.0,"color":"black"}},{"type":"scatter3d","name":"Obstacle","mode":"lines","x":[3.21,3.29,3.2899997,3.2099998,3.21],"y":[3.8,3.8,9.2,9.2,3.8],"z":[2142794.0,2142794.0,2142794.0,2142794.0,2142794.0],"line":{"width":2.0,"color":"black"}},{"type":"scatter3d","name":"Obstacle","mode":"lines","x":[3.71,3.79,3.7899997,3.7099998,3.71],"y":[3.8,3.8,9.2,9.2,3.8],"z":[2142794.0,2142794.0,2142794.0,2142794.0,2142794.0],"line":{"width":2.0,"color":"black"}},{"type":"scatter3d","name":"Obstacle","mode":"lines","x":[4.21,4.29,4.29,4.21,4.21],"y":[3.8,3.8,9.2,9.2,3.8],"z":[2142794.0,2142794.0,2142794.0,2142794.0,2142794.0],"line":{"width":2.0,"color":"black"}},{"type":"scatter3d","name":"Obstacle","mode":"lines","x":[4.71,4.79,4.79,4.71,4.71],"y":[3.8,3.8,9.2,9.2,3.8],"z":[2142794.0,2142794.0,2142794.0,2142794.0,2142794.0],"line":{"width":2.0,"color":"black"}},{"type":"scatter3d","name":"Obstacle","mode":"lines","x":[5.21,5.29,5.29,5.21,5.21],"y":[3.8,3.8,9.2,9.2,3.8],"z":[2142794.0,2142794.0,2142794.0,2142794.0,2142794.0],"line":{"width":2.0,"color":"black"}},{"type":"scatter3d","name":"Obstacle","mode":"lines","x":[5.71,5.79,5.79,5.71,5.71],"y":[3.8,3.8,9.2,9.2,3.8],"z":[2142794.0,2142794.0,2142794.0,2142794.0,2142794.0],"line":{"width":2.0,"color":"black"}},{"type":"scatter3d","name":"Obstacle","mode":"lines","x":[6.21,6.29,6.29,6.21,6.21],"y":[3.8,3.8,9.2,9.2,3.8],"z":[2142794.0,2142794.0,2142794.0,2142794.0,2142794.0],"line":{"width":2.0,"color":"black"}},{"type":"scatter3d","name":"Obstacle","mode":"lines","x":[6.71,6.79,6.79,6.71,6.71],"y":[3.8,3.8,9.2,9.2,3.8],"z":[2142794.0,2142794.0,2142794.0,2142794.0,2142794.0],"line":{"width":2.0,"color":"black"}},{"type":"scatter3d","name":"Obstacle","mode":"lines","x":[7.21,7.29,7.29,7.21,7.21],"y":[3.8,3.8,9.2,9.2,3.8],"z":[2142794.0,2142794.0,2142794.0,2142794.0,2142794.0],"line":{"width":2.0,"color":"black"}},{"type":"scatter3d","name":"Obstacle","mode":"lines","x":[7.71,7.79,7.79,7.71,7.71],"y":[3.8,3.8,9.2,9.2,3.8],"z":[2142794.0,2142794.0,2142794.0,2142794.0,2142794.0],"line":{"width":2.0,"color":"black"}}],"layout":{"title":{"text":"Charging Station Position Optimization with Obstacles"},"width":1200,"height":800,"xaxis":{"title":{"text":"X Coordinate"}},"yaxis":{"title":{"text":"Y Coordinate"}},"zaxis":{"title":{"text":"Energy Consumption (Wh)"}}},"config":{},"frames":null});
        </script>
    </div>
</body>

</html>