<!doctype html>
<html lang="en">

<head>
    <meta charset="utf-8" />
    <script src="https://cdn.jsdelivr.net/npm/mathjax@3.2.2/es5/tex-svg.js"></script>
        <script src="https://cdn.plot.ly/plotly-3.0.1.min.js"></script>
        
</head>

<body>
    <div>
        <div id="plotly-html-element" class="plotly-graph-div" style="height:100%; width:100%;"></div>

        <script type="module">
            const graph_div = document.getElementById("plotly-html-element");
            await Plotly.newPlot(graph_div, {"data":[{"type":"scatter3d","name":"Station 1","mode":"markers","x":[2.0263684,6.4411736,1.7952644,1.6780454,10.692756,10.361821,8.735872,10.7570095,0.89226097,11.213256,11.442835,0.4740057,1.2749534,0.7616478,2.9066758,10.653023,1.0801371,10.779869,10.958111,3.5298958,6.228899,1.6673361,2.2702887,1.3602517,9.630443,0.5821043,1.7270491,9.789949,1.7696643,3.820036,1.4572432,7.2907405,0.6900601,10.014932,3.8907251,6.2721577,10.272109,11.282867,10.611667,5.3029714,2.221453,11.3262,0.87114704,6.717719,1.2341527,0.66120625,10.356698,5.445295,10.930767,10.110908,0.5205769,10.75705,10.757808,4.0905013,9.982661,3.837701,9.941721,6.7156363,5.3137846,9.559954,1.1218483,0.71362007,1.4421802,1.2347375,8.605005,7.169683,3.039257,6.259905,2.8135347,9.423605,11.557175,8.959686,7.8737297,6.8412027,9.288132,1.259503,10.384204,10.659059,9.250698,10.011289,11.061544,2.2460437,10.668827,7.940128,1.858685,9.83365,1.3359828,8.029963,8.440734,10.151734,4.6762223,5.9864206,6.8329487,8.661733,10.776257,10.964876,9.558679,8.001671,11.448821,11.493286,10.775247,1.1935185,10.238274,11.243705,4.890567,2.9602616,4.8425155,2.9954636,3.605189,3.6742816,2.6381912,2.8461213,3.970993,2.1515243,2.1873593,1.6260331,2.0270028,2.7944443,1.3733774,3.1078913,1.5367534,4.0582805,2.6523235,2.8875008,3.3724725,1.7678756,1.5436763,4.453243,0.8057243,2.6268392,2.1341705,1.8153993,1.5307046,2.192017,3.0548317,9.27667,0.92763364,2.151686,3.8688173,3.6742527,4.081094,3.7728376,2.167692,1.9389719],"y":[5.182951,3.0788534,3.5723011,4.1724806,4.9804177,6.1763678,10.582825,7.768148,10.569085,10.957029,6.2455134,10.782125,11.020595,2.1127455,3.287384,7.406172,4.3768735,8.45393,4.280287,2.5456395,2.9401186,3.7168267,3.9628816,7.502249,4.880027,5.817226,8.706492,0.4750471,0.9945183,10.516788,10.781222,2.2197936,3.8608499,5.7954593,2.227651,1.6072813,3.2909036,5.676423,11.551281,3.0377963,0.50643504,10.313693,6.532831,0.7885136,5.2746835,9.028063,2.5252063,2.2969568,6.280294,1.0982497,10.1941185,4.9305673,8.330572,10.710006,0.6027817,3.3319793,4.913335,10.425013,9.698867,10.669079,11.536317,8.635867,6.8598294,6.296795,10.409613,0.94362795,2.5019696,0.44485152,10.077278,2.273274,3.6568947,9.536268,2.3280723,9.398324,4.394315,6.7674975,11.220934,2.7483277,10.038323,2.6611335,11.446322,7.834248,3.44456,9.056516,5.2265687,5.2315607,3.646299,0.49922124,10.843342,8.693873,11.183108,1.9363383,9.063735,1.9423839,1.3018538,6.133567,4.5132413,0.9543879,7.4258704,10.895058,1.4682314,7.7677913,2.808012,3.5005033,0.90241426,11.6,11.6,0.4,0.4,2.5974169,11.6,0.4,11.455329,2.7688692,4.957266,0.4,4.024779,2.9715717,4.136669,3.096866,4.5597014,3.175579,3.1900642,3.1511097,3.2017639,0.6689064,4.3391857,11.4834585,4.4803643,2.7013135,3.7382886,7.9260345,4.886501,4.0829,2.7268531,10.342553,5.909574,3.9232635,3.0552526,3.3055377,3.035722,2.4334342,3.550858,0.4473745],"z":[3602.80615234375,3557.94677734375,3561.56787109375,3562.51611328125,3588.812255859375,3645.38330078125,3547.921142578125,3575.969970703125,3519.85107421875,3577.760009765625,3619.548583984375,3520.685546875,3519.441162109375,3567.87451171875,3515.401123046875,3559.88623046875,3533.776123046875,3571.578857421875,3558.02099609375,3514.593994140625,3558.16943359375,3561.913818359375,3515.809326171875,3515.25439453125,3563.432861328125,3669.344482421875,3574.79443359375,3535.320556640625,3562.927734375,3571.666015625,3519.022705078125,3560.126220703125,3564.04052734375,3642.0849609375,3554.75048828125,3561.297119140625,3502.5078125,3643.550537109375,3577.4638671875,3505.5,3562.598388671875,3578.1572265625,3628.419921875,3496.135009765625,3597.58544921875,3520.02880859375,3503.042236328125,3559.565673828125,3645.600830078125,3535.030029296875,3520.38671875,3588.952880859375,3571.49609375,3559.643310546875,3535.318359375,3556.322265625,3586.138427734375,3544.999755859375,3544.641845703125,3548.99560546875,3520.158935546875,3520.051025390625,3645.428955078125,3616.782470703125,3547.697265625,3489.98876953125,3515.42724609375,3496.712158203125,3572.5205078125,3562.341552734375,3504.218994140625,3535.7177734375,3560.215576171875,3534.203857421875,3545.921630859375,3631.353271484375,3577.64111328125,3503.287109375,3548.045654296875,3508.764892578125,3578.00390625,3519.448974609375,3503.031005859375,3533.981201171875,3597.25048828125,3566.8310546875,3562.545654296875,3533.7451171875,3536.56103515625,3548.537109375,3546.2607421875,3559.510498046875,3533.998291015625,3561.44677734375,3504.542724609375,3646.13720703125,3559.497314453125,3562.683837890625,3560.787841796875,3578.28662109375,3504.47216796875,3514.7861328125,3502.64990234375,3503.925537109375,3491.852783203125,3573.916015625,3546.842041015625,3561.3798828125,3560.3994140625,3554.784912109375,3574.272705078125,3561.635009765625,3565.188232421875,3516.49267578125,3548.239990234375,3563.956787109375,3516.37548828125,3515.768310546875,3562.593994140625,3515.10498046875,3539.81884765625,3555.864501953125,3515.9521484375,3515.485107421875,3514.545654296875,3563.33544921875,3533.181640625,3564.78955078125,3540.71435546875,3559.873291015625,3560.828369140625,3519.469482421875,3529.1728515625,3561.1298828125,3515.320068359375,3548.281005859375,3669.251708984375,3515.981201171875,3556.38671875,3548.561767578125,3555.8916015625,3554.792724609375,3516.264892578125,3563.2373046875],"marker":{"size":5,"color":"blue"}},{"type":"scatter3d","name":"Optimal Point","mode":"markers","x":[7.169683],"y":[0.94362795],"z":[3489.98876953125],"marker":{"size":10,"color":"red"}},{"type":"scatter3d","name":"Obstacle","mode":"lines","x":[6.81,6.89,6.89,6.81,6.81],"y":[3.8,3.8,8.400001,8.400001,3.8],"z":[3489.98876953125,3489.98876953125,3489.98876953125,3489.98876953125,3489.98876953125],"line":{"width":2.0,"color":"black"}},{"type":"scatter3d","name":"Obstacle","mode":"lines","x":[7.11,7.19,7.19,7.11,7.11],"y":[3.8,3.8,8.400001,8.400001,3.8],"z":[3489.98876953125,3489.98876953125,3489.98876953125,3489.98876953125,3489.98876953125],"line":{"width":2.0,"color":"black"}},{"type":"scatter3d","name":"Obstacle","mode":"lines","x":[7.4100003,7.4900002,7.4900002,7.4100003,7.4100003],"y":[3.8,3.8,8.400001,8.400001,3.8],"z":[3489.98876953125,3489.98876953125,3489.98876953125,3489.98876953125,3489.98876953125],"line":{"width":2.0,"color":"black"}},{"type":"scatter3d","name":"Obstacle","mode":"lines","x":[7.7100005,7.7900004,7.7900004,7.7100005,7.7100005],"y":[3.8,3.8,8.400001,8.400001,3.8],"z":[3489.98876953125,3489.98876953125,3489.98876953125,3489.98876953125,3489.98876953125],"line":{"width":2.0,"color":"black"}},{"type":"scatter3d","name":"Obstacle","mode":"lines","x":[8.01,8.09,8.09,8.01,8.01],"y":[3.8,3.8,8.400001,8.400001,3.8],"z":[3489.98876953125,3489.98876953125,3489.98876953125,3489.98876953125,3489.98876953125],"line":{"width":2.0,"color":"black"}},{"type":"scatter3d","name":"Obstacle","mode":"lines","x":[8.31,8.39,8.39,8.31,8.31],"y":[3.8,3.8,8.400001,8.400001,3.8],"z":[3489.98876953125,3489.98876953125,3489.98876953125,3489.98876953125,3489.98876953125],"line":{"width":2.0,"color":"black"}},{"type":"scatter3d","name":"Obstacle","mode":"lines","x":[2.71,2.79,2.7899997,2.7099998,2.71],"y":[3.8,3.8,9.2,9.2,3.8],"z":[3489.98876953125,3489.98876953125,3489.98876953125,3489.98876953125,3489.98876953125],"line":{"width":2.0,"color":"black"}},{"type":"scatter3d","name":"Obstacle","mode":"lines","x":[3.21,3.29,3.2899997,3.2099998,3.21],"y":[3.8,3.8,9.2,9.2,3.8],"z":[3489.98876953125,3489.98876953125,3489.98876953125,3489.98876953125,3489.98876953125],"line":{"width":2.0,"color":"black"}},{"type":"scatter3d","name":"Obstacle","mode":"lines","x":[3.71,3.79,3.7899997,3.7099998,3.71],"y":[3.8,3.8,9.2,9.2,3.8],"z":[3489.98876953125,3489.98876953125,3489.98876953125,3489.98876953125,3489.98876953125],"line":{"width":2.0,"color":"black"}},{"type":"scatter3d","name":"Obstacle","mode":"lines","x":[4.21,4.29,4.29,4.21,4.21],"y":[3.8,3.8,9.2,9.2,3.8],"z":[3489.98876953125,3489.98876953125,3489.98876953125,3489.98876953125,3489.98876953125],"line":{"width":2.0,"color":"black"}},{"type":"scatter3d","name":"Obstacle","mode":"lines","x":[4.71,4.79,4.79,4.71,4.71],"y":[3.8,3.8,9.2,9.2,3.8],"z":[3489.98876953125,3489.98876953125,3489.98876953125,3489.98876953125,3489.98876953125],"line":{"width":2.0,"color":"black"}},{"type":"scatter3d","name":"Obstacle","mode":"lines","x":[5.21,5.29,5.29,5.21,5.21],"y":[3.8,3.8,9.2,9.2,3.8],"z":[3489.98876953125,3489.98876953125,3489.98876953125,3489.98876953125,3489.98876953125],"line":{"width":2.0,"color":"black"}},{"type":"scatter3d","name":"Obstacle","mode":"lines","x":[5.71,5.79,5.79,5.71,5.71],"y":[3.8,3.8,9.2,9.2,3.8],"z":[3489.98876953125,3489.98876953125,3489.98876953125,3489.98876953125,3489.98876953125],"line":{"width":2.0,"color":"black"}}],"layout":{"title":{"text":"Charging Station Position Optimization with Obstacles"},"width":1200,"height":800,"xaxis":{"title":{"text":"X Coordinate [m]"}},"yaxis":{"title":{"text":"Y Coordinate [m]"}},"zaxis":{"title":{"text":"Energy Consumption [Wh]"}}},"config":{},"frames":null});
        </script>
    </div>
</body>

</html>