<!doctype html>
<html lang="en">

<head>
    <meta charset="utf-8" />
    <script src="https://cdn.jsdelivr.net/npm/mathjax@3.2.2/es5/tex-svg.js"></script>
        <script src="https://cdn.plot.ly/plotly-3.0.1.min.js"></script>
        
</head>

<body>
    <div>
        <div id="plotly-html-element" class="plotly-graph-div" style="height:100%; width:100%;"></div>

        <script type="module">
            const graph_div = document.getElementById("plotly-html-element");
            await Plotly.newPlot(graph_div, {"data":[{"type":"scatter3d","name":"Station 1","mode":"markers","x":[7.3832407,8.175669,8.199239,1.3129729,3.5546093,1.6352153,6.973913,10.647339,6.529457,0.88025403,7.886228,1.7144481,8.88843,5.1863327,2.181802,6.4141717,7.056847,6.3888946,2.4799757,0.90444016,3.8317611,9.006212,9.479703,4.6236043,6.9226785,6.0634694,4.6306806,2.1462576,6.3549323,8.631569,0.8122778,4.8573065,6.5697293,7.558003,7.8285403,11.148525,1.055704,8.296416,8.845698,2.4108152,9.262238,3.5009737,6.342508,6.1789217,5.970359,8.060459,2.8357608,9.784903,11.029173,9.676432,1.611495,10.238448,1.2310618,8.440669,2.0715952,3.856978,11.451565,10.606113,7.6309376,10.7091465,6.261351,6.1799474,1.2796423,7.0227585,1.5199349,9.029686,10.789798,7.4840865,6.027264,7.3046217,5.4733357,2.793525,7.081203,5.7305255,10.89219,7.4003773,0.5958136,1.8983748,4.455503,10.618513,9.972378,10.111344,8.0667925,0.49625856,2.3336186,5.7875605,2.2131631,4.801838,2.9309006,2.3485308,3.2616265,8.671754,11.400694,7.5398984,5.7126307,11.267326,9.844317,11.067454,0.6288998,6.535615,8.610345,8.588865,10.178193,8.246735,8.100844,8.4182005,9.628521,3.555301,8.049537,8.275028,7.714358,7.386528,7.406647,8.306273,9.522835,8.161048,6.342418,6.6816816,5.9936676,8.151382,8.515649,8.40781,7.2278676,7.2144704,8.01323,8.706378,9.518752,8.415128,6.213569,8.089492,6.449564,8.667522,7.651291,7.8712416,6.270976,8.304954,8.190508,8.596937,8.768636,7.9877877,8.581885,7.9919057,8.233449,6.580184,8.01097,7.9836073,8.137042,7.999665,8.54403,8.702643],"y":[6.154952,2.5803652,1.1245694,2.3718758,10.778011,2.1953657,10.506727,3.9608414,1.613917,4.1866236,6.3482394,8.545071,6.5918913,9.944471,4.717999,3.822076,5.8311996,8.623051,11.40627,8.821048,2.6781538,2.252379,0.7220087,10.4264145,0.8942797,3.84515,2.5523646,7.661271,3.7716637,3.3537982,10.474665,3.0888789,10.927372,6.7354965,0.5499487,6.340274,0.68052316,3.1566095,6.6835837,5.6150637,7.0876503,7.4215016,5.2272844,2.8064759,10.439731,1.608503,3.0265343,3.0221417,1.6985718,9.079042,9.855059,8.414751,0.7769259,5.838938,8.003974,0.6909613,0.5383997,5.898528,9.835875,8.11014,11.228323,0.4162073,11.389398,6.688306,8.257414,11.52813,6.0878115,1.640979,6.395068,8.238592,10.647107,0.69048196,6.103311,1.76407,5.532867,10.4551935,8.291918,2.649121,1.171991,2.1440587,0.43031847,5.9194074,9.486081,10.112336,4.855539,2.6785316,10.677842,2.7384903,11.271421,9.392581,10.242713,1.1241995,3.0540383,8.113242,2.4068325,8.3438835,9.526258,1.6609555,3.8534653,8.92364,4.2367525,6.452939,3.4720182,5.99884,5.5441294,5.1144514,2.3840342,5.207361,3.5926864,3.600219,6.6461263,6.37277,3.6639898,6.206975,3.1110442,2.249852,3.8684537,5.3011336,5.135135,3.6072452,6.0716496,5.971552,5.815253,5.9988513,2.753751,5.8221707,2.7432091,3.3831913,4.5847526,6.1965623,3.855319,6.03577,6.506711,6.4678063,3.7864132,3.452799,2.8458996,6.220527,2.5698977,2.9919548,5.7939916,6.4595575,5.9407306,6.254367,3.4178464,6.0261545,3.332263,3.5708673,5.9637947,5.7926135],"z":[1625281.375,1625765.5,1627790.375,1634400.625,1634671.5,1633971.5,1631430.625,1627932.5,1627805.625,1635525.25,1625285.25,1637458.375,1625908.375,1631870.625,1635861.625,1626603.0,1625445.125,1629071.625,1636554.625,1638313.0,1630570.375,1626545.875,1628813.0,1633010.125,1628453.0,1627127.25,1629444.0,1638560.75,1626674.125,1625292.375,1638479.375,1628943.75,1632189.625,1625869.75,1628650.25,1628563.875,1635479.375,1625219.875,1625977.125,1636325.875,1626757.625,1636926.625,1626639.625,1627108.875,1631792.625,1627087.125,1631988.75,1626673.875,1629237.375,1629599.375,1637158.0,1629158.625,1635180.0,1625044.625,1638103.75,1631717.125,1630803.375,1627652.375,1630283.625,1629279.0,1632755.125,1629581.25,1638185.25,1626179.5,1637955.375,1632889.5,1627961.875,1627156.0,1627173.125,1628029.0,1632388.375,1633090.625,1625550.0,1628480.75,1628080.25,1631244.0,1639154.125,1633465.25,1630563.875,1628359.625,1629534.125,1626912.125,1629725.25,1638922.5,1635629.625,1627726.25,1636496.625,1629123.75,1635855.875,1636019.375,1634789.25,1627879.5,1629032.0,1627772.625,1627992.5,1630132.25,1630312.125,1629315.375,1635309.0,1629376.75,1636826.0,1625568.625,1627137.625,1625021.875,1634884.25,1635851.25,1626966.875,1644197.625,1624990.5,1625102.625,1625695.375,1625517.125,1635112.75,1625198.625,1626263.25,1626194.0,1626723.375,1636282.625,1627181.0,1625042.375,1625193.0,1625080.625,1625188.875,1625292.0,1625542.375,1625182.375,1626523.625,1625174.875,1629541.5,1625116.125,1626563.875,1625248.375,1625541.0,1625431.75,1626802.0,1625110.0,1625448.375,1625347.75,1626016.5,1625270.125,1625105.625,1625409.875,1624985.375,1626323.375,1624973.25,1624937.875,1625054.875,1624963.375,1625144.5,1625172.125],"marker":{"size":5,"color":"blue"}},{"type":"scatter3d","name":"Optimal Point","mode":"markers","x":[7.9836073],"y":[6.0261545],"z":[1624937.875],"marker":{"size":10,"color":"red"}},{"type":"scatter3d","name":"Obstacle","mode":"lines","x":[6.81,6.89,6.89,6.81,6.81],"y":[3.8,3.8,5.4,5.4,3.8],"z":[1624937.875,1624937.875,1624937.875,1624937.875,1624937.875],"line":{"width":2.0,"color":"black"}},{"type":"scatter3d","name":"Obstacle","mode":"lines","x":[7.11,7.19,7.19,7.11,7.11],"y":[3.8,3.8,5.4,5.4,3.8],"z":[1624937.875,1624937.875,1624937.875,1624937.875,1624937.875],"line":{"width":2.0,"color":"black"}},{"type":"scatter3d","name":"Obstacle","mode":"lines","x":[7.4100003,7.4900002,7.4900002,7.4100003,7.4100003],"y":[3.8,3.8,5.4,5.4,3.8],"z":[1624937.875,1624937.875,1624937.875,1624937.875,1624937.875],"line":{"width":2.0,"color":"black"}},{"type":"scatter3d","name":"Obstacle","mode":"lines","x":[7.7100005,7.7900004,7.7900004,7.7100005,7.7100005],"y":[3.8,3.8,5.4,5.4,3.8],"z":[1624937.875,1624937.875,1624937.875,1624937.875,1624937.875],"line":{"width":2.0,"color":"black"}},{"type":"scatter3d","name":"Obstacle","mode":"lines","x":[8.01,8.09,8.09,8.01,8.01],"y":[3.8,3.8,5.4,5.4,3.8],"z":[1624937.875,1624937.875,1624937.875,1624937.875,1624937.875],"line":{"width":2.0,"color":"black"}},{"type":"scatter3d","name":"Obstacle","mode":"lines","x":[8.31,8.39,8.39,8.31,8.31],"y":[3.8,3.8,5.4,5.4,3.8],"z":[1624937.875,1624937.875,1624937.875,1624937.875,1624937.875],"line":{"width":2.0,"color":"black"}},{"type":"scatter3d","name":"Obstacle","mode":"lines","x":[8.610001,8.690001,8.690001,8.610001,8.610001],"y":[3.8,3.8,5.4,5.4,3.8],"z":[1624937.875,1624937.875,1624937.875,1624937.875,1624937.875],"line":{"width":2.0,"color":"black"}},{"type":"scatter3d","name":"Obstacle","mode":"lines","x":[8.910001,8.990001,8.990001,8.910001,8.910001],"y":[3.8,3.8,5.4,5.4,3.8],"z":[1624937.875,1624937.875,1624937.875,1624937.875,1624937.875],"line":{"width":2.0,"color":"black"}},{"type":"scatter3d","name":"Obstacle","mode":"lines","x":[9.210001,9.290001,9.290001,9.210001,9.210001],"y":[3.8,3.8,5.4,5.4,3.8],"z":[1624937.875,1624937.875,1624937.875,1624937.875,1624937.875],"line":{"width":2.0,"color":"black"}},{"type":"scatter3d","name":"Obstacle","mode":"lines","x":[9.510001,9.590001,9.590001,9.510001,9.510001],"y":[3.8,3.8,5.4,5.4,3.8],"z":[1624937.875,1624937.875,1624937.875,1624937.875,1624937.875],"line":{"width":2.0,"color":"black"}},{"type":"scatter3d","name":"Obstacle","mode":"lines","x":[9.810001,9.890001,9.890001,9.810001,9.810001],"y":[3.8,3.8,5.4,5.4,3.8],"z":[1624937.875,1624937.875,1624937.875,1624937.875,1624937.875],"line":{"width":2.0,"color":"black"}},{"type":"scatter3d","name":"Obstacle","mode":"lines","x":[2.71,2.79,2.7899997,2.7099998,2.71],"y":[3.8,3.8,9.2,9.2,3.8],"z":[1624937.875,1624937.875,1624937.875,1624937.875,1624937.875],"line":{"width":2.0,"color":"black"}},{"type":"scatter3d","name":"Obstacle","mode":"lines","x":[3.21,3.29,3.2899997,3.2099998,3.21],"y":[3.8,3.8,9.2,9.2,3.8],"z":[1624937.875,1624937.875,1624937.875,1624937.875,1624937.875],"line":{"width":2.0,"color":"black"}},{"type":"scatter3d","name":"Obstacle","mode":"lines","x":[3.71,3.79,3.7899997,3.7099998,3.71],"y":[3.8,3.8,9.2,9.2,3.8],"z":[1624937.875,1624937.875,1624937.875,1624937.875,1624937.875],"line":{"width":2.0,"color":"black"}},{"type":"scatter3d","name":"Obstacle","mode":"lines","x":[4.21,4.29,4.29,4.21,4.21],"y":[3.8,3.8,9.2,9.2,3.8],"z":[1624937.875,1624937.875,1624937.875,1624937.875,1624937.875],"line":{"width":2.0,"color":"black"}},{"type":"scatter3d","name":"Obstacle","mode":"lines","x":[4.71,4.79,4.79,4.71,4.71],"y":[3.8,3.8,9.2,9.2,3.8],"z":[1624937.875,1624937.875,1624937.875,1624937.875,1624937.875],"line":{"width":2.0,"color":"black"}},{"type":"scatter3d","name":"Obstacle","mode":"lines","x":[5.21,5.29,5.29,5.21,5.21],"y":[3.8,3.8,9.2,9.2,3.8],"z":[1624937.875,1624937.875,1624937.875,1624937.875,1624937.875],"line":{"width":2.0,"color":"black"}},{"type":"scatter3d","name":"Obstacle","mode":"lines","x":[5.71,5.79,5.79,5.71,5.71],"y":[3.8,3.8,9.2,9.2,3.8],"z":[1624937.875,1624937.875,1624937.875,1624937.875,1624937.875],"line":{"width":2.0,"color":"black"}}],"layout":{"title":{"text":"Charging Station Position Optimization with Obstacles"},"width":1200,"height":800,"xaxis":{"title":{"text":"X Coordinate"}},"yaxis":{"title":{"text":"Y Coordinate"}},"zaxis":{"title":{"text":"Energy Consumption (Wh)"}}},"config":{},"frames":null});
        </script>
    </div>
</body>

</html>