<!doctype html>
<html lang="en">

<head>
    <meta charset="utf-8" />
    <script src="https://cdn.jsdelivr.net/npm/mathjax@3.2.2/es5/tex-svg.js"></script>
        <script src="https://cdn.plot.ly/plotly-3.0.1.min.js"></script>
        
</head>

<body>
    <div>
        <div id="plotly-html-element" class="plotly-graph-div" style="height:100%; width:100%;"></div>

        <script type="module">
            const graph_div = document.getElementById("plotly-html-element");
            await Plotly.newPlot(graph_div, {"data":[{"type":"scatter3d","name":"Station 1","mode":"markers","x":[11.348442,9.302042,8.949649,10.867573,8.641268,10.186644,2.057679,3.6941025,3.444859,7.375212,7.5127106,7.4931936,8.621515,5.450525,7.8453684,10.150282,10.826688,2.6018958,2.4898305,11.001035,6.6582437,9.224592,3.2812145,9.4209795,9.594644,3.4435213,3.3712711,11.515996,10.693866,1.9138478,6.5695634,1.8883773,5.8993278,1.4896659,9.101028,10.9696,5.7010336,8.889121,6.1229806,6.6402287,2.8625278,11.3606825,1.7817954,7.523385,7.429108,8.717121,5.2026014,1.4897165,4.2127295,10.1755085,8.174027,10.160352,7.5688043,9.671505,6.3529873,6.7844243,7.8664317,11.311192,10.924778,7.9629173,8.673536,2.3749652,8.729746,10.746983,8.566509,7.7549925,6.032415,10.475158,7.9906964,10.317348,5.166876,10.200479,1.9111482,3.8248544,10.8541765,7.2741327,4.4061737,10.631715,10.45976,8.261263,10.738309,4.023648,1.1499639,8.28606,3.1672945,6.203842,5.6773133,3.1411953,1.9321994,0.7738323,1.623311,0.46837807,6.4322705,6.3612075,10.163747,7.294114,1.8902651,3.5040953,1.127058,10.176848,7.5340905,4.1619415,3.5351377,0.6442636,7.475172,4.136697,7.37073,2.5861697,2.6166494,7.3580327,3.6992135,4.5112057,3.127849,6.883535,9.84533,9.661823,0.72537714,3.8778505,1.4245151,10.486151,6.0859337,1.0731302,10.075754,2.364933,4.730748,1.9266014,9.64589,7.532949,3.5585146,11.0276375,8.332135,4.1596904,2.8022864,11.303251,8.594104,11.250318,5.5200796,9.070783,9.187087,10.800118,1.508069,6.203729,2.939906,2.354689,7.7107606,10.540313,7.3211994,9.337413,3.5453427,1.0183736],"y":[5.424361,1.9999833,4.847847,8.051816,11.522701,1.4748992,8.311902,2.8389225,9.501372,9.755951,9.767902,10.308904,5.7028604,10.316115,3.5736752,8.4012985,7.7427187,2.4349334,0.9859934,5.091981,1.976912,7.851136,1.9600558,2.6024766,5.589768,10.11959,1.8680657,6.2579074,3.1071625,5.225692,5.66075,3.5965235,1.779057,9.616337,10.968373,5.7434177,2.5050619,9.677605,7.962115,0.89206874,3.2087135,4.731714,10.35745,8.372322,9.8690195,5.3560777,10.082701,3.7510264,2.3054442,1.9126462,9.523714,9.533761,1.2316467,3.9689324,10.2578,5.7963295,7.53679,1.0917835,7.8830075,11.134019,6.2396936,8.880724,10.9797125,1.5026648,6.1130605,10.048039,8.522184,9.799852,10.790759,8.153011,10.054959,6.331,2.3038275,2.8693545,0.77796596,8.824843,0.971136,0.6453301,3.5660393,8.420348,3.0110507,3.3461385,9.000299,8.007008,11.415727,8.814913,2.8750544,11.377464,5.054447,5.1502347,10.560149,8.116834,1.6926758,2.8966675,2.495071,7.5186043,5.6936316,4.913088,9.924959,5.8763876,0.85047895,2.9751244,4.564833,3.699473,9.914311,3.748988,2.3258224,2.50444,5.2309256,2.5532627,2.1260886,8.797196,7.217103,8.611959,9.357511,2.442227,3.2629645,3.7223835,7.0873823,10.402313,1.6597874,6.5695186,4.4409146,10.150899,6.961169,0.95167106,5.641042,2.7836318,5.226864,7.5605845,1.6517886,8.025473,3.1452188,7.2829933,4.1683273,7.091674,10.566525,3.162931,2.1734316,7.8851023,4.5560036,2.106016,0.7560071,10.400866,11.1119795,4.1627955,2.24462,9.618375,5.967523,8.723387],"z":[1554780.25,1547099.125,1552641.375,1548898.375,1554731.625,1548340.125,1547585.875,1549118.25,1547236.25,1552629.375,1555048.25,1555865.5,1550666.75,1544274.375,1544111.75,1554643.375,1554856.375,1553936.5,1553448.5,1554277.25,1546045.625,1553101.875,1550078.125,1546775.0,1552146.625,1554490.25,1546394.125,1552770.5,1548439.5,1544764.625,1550073.875,1554395.5,1546901.375,1560832.125,1554014.75,1554219.125,1544543.0,1555297.875,1552786.375,1547597.125,1550303.875,1555342.75,1555951.75,1552943.75,1555198.125,1550886.125,1555276.875,1544683.125,1548571.125,1548263.625,1554787.25,1555975.875,1545092.0,1546931.625,1555955.125,1549759.875,1550752.375,1550378.5,1548786.125,1557147.875,1544641.125,1561271.125,1557116.125,1549321.875,1550696.75,1555487.625,1553607.0,1544348.875,1556632.875,1548959.0,1549709.125,1553166.0,1545943.625,1548910.5,1550636.125,1553626.0,1552583.75,1555815.125,1548051.125,1553198.5,1551448.375,1548534.0,1549225.625,1552619.25,1553225.625,1553915.0,1546201.75,1558909.625,1559697.375,1551602.5,1545197.625,1549700.0,1546571.375,1545258.375,1547875.625,1551658.5,1556519.5,1543947.125,1546357.125,1553029.375,1544782.5,1557202.625,1554243.75,1547415.125,1545329.25,1564593.0,1545472.75,1548155.75,1554774.125,1544962.125,1559251.75,1559999.75,1554369.625,1548133.5,1555599.125,1550241.5,1546059.125,1557931.875,1545372.125,1544972.625,1546874.25,1547093.375,1553639.5,1548184.75,1569413.875,1557701.375,1552219.25,1556877.375,1554046.25,1545457.5,1544909.0,1563480.75,1553521.625,1546953.125,1545546.5,1549518.875,1543900.5,1546004.0,1546816.125,1546176.125,1545068.0,1546233.5,1544643.125,1547017.875,1545641.25,1548712.625,1545420.875,1561397.125,1563510.5,1560098.25],"marker":{"size":5,"color":"blue"}},{"type":"scatter3d","name":"Station 2","mode":"markers","x":[4.9763803,1.923856,6.079909,3.9792292,0.64307636,5.129322,8.835725,11.248366,4.883473,7.5122046,11.241624,5.297959,9.605158,7.492912,0.5635805,10.304436,0.57478774,6.7151613,10.387923,9.915837,1.9896853,0.45388508,1.5177199,1.2971622,4.3468785,11.139286,8.166321,7.027936,5.791658,8.284269,10.455909,2.0128756,2.7487228,2.143916,10.379733,1.2450567,8.110181,1.4533873,2.2030041,9.99738,8.874574,6.164887,7.210832,1.3803936,0.5038662,3.7164967,6.849571,8.230401,11.419508,4.9397397,1.4399117,8.678676,7.7206006,7.710745,10.426538,8.560322,7.960884,1.4524407,4.0610466,3.4171414,6.887348,0.51737255,3.109057,0.9078835,9.660884,9.530361,7.6884356,6.7920494,11.490501,3.545987,7.3275623,2.2220445,8.983188,4.7290034,1.1818844,10.698303,9.764334,8.903083,8.023177,0.7585997,8.579043,2.7721975,4.5491834,4.1979485,1.0376929,1.8243731,1.426822,4.4424186,0.635474,9.167867,7.6384373,11.564646,10.903333,10.145335,10.201457,8.331227,10.608553,7.7274113,9.338326,8.705666,6.9030557,8.529768,7.940292,9.179719,8.65497,6.682754,6.1426053,9.155066,8.081326,5.98269,4.234584,3.062258,6.8351254,8.691277,6.7952294,7.7977796,8.99404,7.60248,8.397793,6.8085127,10.172963,9.063099,7.6862206,9.107477,1.4382333,8.491601,7.688905,8.211898,7.013075,6.6871543,6.8965254,7.591565,7.619061,6.7011933,6.8904376,3.465203,7.461573,1.3212957,7.7593045,6.737466,8.341695,1.9944246,8.164169,7.693297,8.65793,1.4622561,10.120444,6.8200717,7.703506,4.646653],"y":[10.825444,11.129926,0.5901365,2.312642,4.372824,0.93188,1.1771433,0.7816149,3.3593805,8.163794,8.162048,11.32973,9.699626,3.0362957,9.374559,8.21954,0.84984076,8.964621,6.3591113,1.5726851,1.7454915,3.2160194,10.250222,5.871191,1.8249446,5.9822927,1.734052,8.231685,9.675598,3.565153,1.6406065,4.5364914,3.0272913,9.727768,7.405206,11.232456,3.3096116,2.1229568,10.4923315,8.737612,11.122616,8.524243,10.364613,2.0042932,3.9938169,1.5500103,9.884304,3.4371192,10.335443,10.049198,8.766559,11.166854,2.5070364,8.420715,10.621894,2.8204882,6.7942605,1.21598,2.307742,1.019125,2.941276,5.511358,9.772042,7.6607904,2.891407,10.795377,10.47812,3.4140587,8.316865,2.2526753,6.185168,8.108615,3.9863055,10.957887,3.4172924,9.936508,6.4707494,10.0852995,0.7873026,9.7638,6.956431,1.9075272,0.94329417,1.6248492,2.2676957,5.4883466,8.136881,11.570894,11.335701,5.211268,2.417515,3.9173253,6.643023,6.524493,1.4979197,1.4810809,2.0696404,3.3983774,3.5270252,0.44122124,2.807992,4.3183303,3.5310078,1.5628214,3.3759952,3.7695954,3.9895904,0.92824864,2.9529126,3.2812839,3.8920226,3.2130725,3.2884169,4.4881244,10.093988,6.492011,2.8116553,0.63217574,2.7071877,2.715753,8.312008,1.7477838,7.70178,4.4954057,7.728466,11.42717,8.839245,4.4478908,3.4799762,2.4058106,2.7060134,3.8692646,3.7822158,1.3201233,3.1356566,2.629597,3.3247972,4.573677,1.3394961,1.8524781,2.9728193,3.400975,3.259326,1.1953856,3.9854062,2.6675248,7.465127,5.033208,4.1135926,4.416941],"z":[1554780.25,1547099.125,1552641.375,1548898.375,1554731.625,1548340.125,1547585.875,1549118.25,1547236.25,1552629.375,1555048.25,1555865.5,1550666.75,1544274.375,1544111.75,1554643.375,1554856.375,1553936.5,1553448.5,1554277.25,1546045.625,1553101.875,1550078.125,1546775.0,1552146.625,1554490.25,1546394.125,1552770.5,1548439.5,1544764.625,1550073.875,1554395.5,1546901.375,1560832.125,1554014.75,1554219.125,1544543.0,1555297.875,1552786.375,1547597.125,1550303.875,1555342.75,1555951.75,1552943.75,1555198.125,1550886.125,1555276.875,1544683.125,1548571.125,1548263.625,1554787.25,1555975.875,1545092.0,1546931.625,1555955.125,1549759.875,1550752.375,1550378.5,1548786.125,1557147.875,1544641.125,1561271.125,1557116.125,1549321.875,1550696.75,1555487.625,1553607.0,1544348.875,1556632.875,1548959.0,1549709.125,1553166.0,1545943.625,1548910.5,1550636.125,1553626.0,1552583.75,1555815.125,1548051.125,1553198.5,1551448.375,1548534.0,1549225.625,1552619.25,1553225.625,1553915.0,1546201.75,1558909.625,1559697.375,1551602.5,1545197.625,1549700.0,1546571.375,1545258.375,1547875.625,1551658.5,1556519.5,1543947.125,1546357.125,1553029.375,1544782.5,1557202.625,1554243.75,1547415.125,1545329.25,1564593.0,1545472.75,1548155.75,1554774.125,1544962.125,1559251.75,1559999.75,1554369.625,1548133.5,1555599.125,1550241.5,1546059.125,1557931.875,1545372.125,1544972.625,1546874.25,1547093.375,1553639.5,1548184.75,1569413.875,1557701.375,1552219.25,1556877.375,1554046.25,1545457.5,1544909.0,1563480.75,1553521.625,1546953.125,1545546.5,1549518.875,1543900.5,1546004.0,1546816.125,1546176.125,1545068.0,1546233.5,1544643.125,1547017.875,1545641.25,1548712.625,1545420.875,1561397.125,1563510.5,1560098.25],"marker":{"size":5,"color":"green"}},{"type":"scatter3d","name":"Optimal Point","mode":"markers","x":[5.5200796,7.461573],"y":[10.566525,3.3247972],"z":[1543900.5,1543900.5],"marker":{"size":10,"color":"red"}},{"type":"scatter3d","name":"Obstacle","mode":"lines","x":[6.81,6.89,6.89,6.81,6.81],"y":[3.8,3.8,5.4,5.4,3.8],"z":[1543900.5,1543900.5,1543900.5,1543900.5,1543900.5],"line":{"width":2.0,"color":"black"}},{"type":"scatter3d","name":"Obstacle","mode":"lines","x":[7.11,7.19,7.19,7.11,7.11],"y":[3.8,3.8,5.4,5.4,3.8],"z":[1543900.5,1543900.5,1543900.5,1543900.5,1543900.5],"line":{"width":2.0,"color":"black"}},{"type":"scatter3d","name":"Obstacle","mode":"lines","x":[7.4100003,7.4900002,7.4900002,7.4100003,7.4100003],"y":[3.8,3.8,5.4,5.4,3.8],"z":[1543900.5,1543900.5,1543900.5,1543900.5,1543900.5],"line":{"width":2.0,"color":"black"}},{"type":"scatter3d","name":"Obstacle","mode":"lines","x":[7.7100005,7.7900004,7.7900004,7.7100005,7.7100005],"y":[3.8,3.8,5.4,5.4,3.8],"z":[1543900.5,1543900.5,1543900.5,1543900.5,1543900.5],"line":{"width":2.0,"color":"black"}},{"type":"scatter3d","name":"Obstacle","mode":"lines","x":[8.01,8.09,8.09,8.01,8.01],"y":[3.8,3.8,5.4,5.4,3.8],"z":[1543900.5,1543900.5,1543900.5,1543900.5,1543900.5],"line":{"width":2.0,"color":"black"}},{"type":"scatter3d","name":"Obstacle","mode":"lines","x":[8.31,8.39,8.39,8.31,8.31],"y":[3.8,3.8,5.4,5.4,3.8],"z":[1543900.5,1543900.5,1543900.5,1543900.5,1543900.5],"line":{"width":2.0,"color":"black"}},{"type":"scatter3d","name":"Obstacle","mode":"lines","x":[2.71,2.79,2.7899997,2.7099998,2.71],"y":[3.8,3.8,9.2,9.2,3.8],"z":[1543900.5,1543900.5,1543900.5,1543900.5,1543900.5],"line":{"width":2.0,"color":"black"}},{"type":"scatter3d","name":"Obstacle","mode":"lines","x":[3.21,3.29,3.2899997,3.2099998,3.21],"y":[3.8,3.8,9.2,9.2,3.8],"z":[1543900.5,1543900.5,1543900.5,1543900.5,1543900.5],"line":{"width":2.0,"color":"black"}},{"type":"scatter3d","name":"Obstacle","mode":"lines","x":[3.71,3.79,3.7899997,3.7099998,3.71],"y":[3.8,3.8,9.2,9.2,3.8],"z":[1543900.5,1543900.5,1543900.5,1543900.5,1543900.5],"line":{"width":2.0,"color":"black"}},{"type":"scatter3d","name":"Obstacle","mode":"lines","x":[4.21,4.29,4.29,4.21,4.21],"y":[3.8,3.8,9.2,9.2,3.8],"z":[1543900.5,1543900.5,1543900.5,1543900.5,1543900.5],"line":{"width":2.0,"color":"black"}},{"type":"scatter3d","name":"Obstacle","mode":"lines","x":[4.71,4.79,4.79,4.71,4.71],"y":[3.8,3.8,9.2,9.2,3.8],"z":[1543900.5,1543900.5,1543900.5,1543900.5,1543900.5],"line":{"width":2.0,"color":"black"}},{"type":"scatter3d","name":"Obstacle","mode":"lines","x":[5.21,5.29,5.29,5.21,5.21],"y":[3.8,3.8,9.2,9.2,3.8],"z":[1543900.5,1543900.5,1543900.5,1543900.5,1543900.5],"line":{"width":2.0,"color":"black"}},{"type":"scatter3d","name":"Obstacle","mode":"lines","x":[5.71,5.79,5.79,5.71,5.71],"y":[3.8,3.8,9.2,9.2,3.8],"z":[1543900.5,1543900.5,1543900.5,1543900.5,1543900.5],"line":{"width":2.0,"color":"black"}}],"layout":{"title":{"text":"Charging Station Position Optimization with Obstacles"},"width":1200,"height":800,"xaxis":{"title":{"text":"X Coordinate"}},"yaxis":{"title":{"text":"Y Coordinate"}},"zaxis":{"title":{"text":"Energy Consumption (Wh)"}}},"config":{},"frames":null});
        </script>
    </div>
</body>

</html>