<!doctype html>
<html lang="en">

<head>
    <meta charset="utf-8" />
    <script src="https://cdn.jsdelivr.net/npm/mathjax@3.2.2/es5/tex-svg.js"></script>
        <script src="https://cdn.plot.ly/plotly-3.0.1.min.js"></script>
        
</head>

<body>
    <div>
        <div id="plotly-html-element" class="plotly-graph-div" style="height:100%; width:100%;"></div>

        <script type="module">
            const graph_div = document.getElementById("plotly-html-element");
            await Plotly.newPlot(graph_div, {"data":[{"type":"scatter3d","name":"Station 1","mode":"markers","x":[1.9481117,3.2638628,1.0723853,11.195779,1.3468362,3.3404655,0.65622616,9.200413,11.102339,2.2028558,8.887318,2.324187,0.4664448,9.892579,11.016666,11.08907,11.433647,2.2518475,0.75022566,11.430848,11.371153,9.677433,7.056476,3.1565561,2.8647964,7.5031657,4.100623,2.7079248,2.231867,10.4692745,1.0815563,9.161703,1.7256552,10.972528,10.497542,9.843,8.752635,6.0025907,1.6492944,0.807721,3.3764489,10.345193,3.7800925,11.475806,1.3662772,0.7468865,5.1465483,0.8158133,1.3254298,9.026874,9.960235,4.7755556,7.0710707,0.5008368,2.4107459,2.5370505,4.6811223,0.4510626,8.905574,8.68727,10.7213125,10.35447,5.8307776,7.757866,2.1471388,11.434229,4.0466056,1.9423718,0.63076496,8.107131,4.5926867,10.186458,9.645411,1.1640081,1.7615212,8.038376,5.716887,3.447118,1.5356388,3.5350213,10.288669,2.8727016,7.598707,2.052066,6.461416,8.781044,5.4689016,6.311663,1.1805212,11.426551,8.413967,10.427837,11.5952015,6.910721,0.7014208,2.108365,6.1431465,2.2025673,9.904384,1.0867381,2.9661727,9.606631,3.4567904,1.5171549,3.2233946,3.4990263,2.4760032,1.5742189,1.7613249,2.629287,2.7899103,1.7511146,1.9973953,1.3340573,2.5632632,1.1837374,5.062233,2.9422853,4.998602,1.743775,7.2619905,1.7324511,11.219953,2.2219863,6.8444095,4.5370126,0.58685565,2.291657,10.033881,1.7740339,5.212411,2.2102902,2.5764446,10.683516,0.8028589,1.9820144,1.1310625,11.525785,10.526252,1.4096088,1.9855388,9.237771,10.221773,9.011318,9.138301,3.0296702,7.671747,7.575609],"y":[2.888124,1.7082623,4.1015697,2.3879457,10.80975,10.302327,3.163802,2.5892265,10.34847,6.4306817,10.430226,3.5645506,6.580238,10.863519,8.254804,5.8014245,7.8306727,2.2051256,1.736295,11.211667,9.850531,2.796796,2.457915,0.9540715,2.4607496,9.593643,9.605466,10.366674,8.982608,9.190721,8.351235,7.428112,2.6405427,10.517809,7.933706,1.1605167,1.9310578,11.440291,5.3543034,10.0420885,1.9499221,6.894096,11.447503,10.392742,9.5854845,5.942142,10.9921255,2.472069,10.086933,2.3714058,3.0175755,0.7389464,10.250047,6.7522182,2.855855,11.515273,10.788002,10.863238,6.946162,11.533661,6.277425,7.232547,1.91302,1.7860745,4.25031,10.824299,9.800324,1.6699036,6.4160647,3.4702601,1.5393826,9.791007,10.370374,8.125522,0.9897171,3.3339338,3.3023818,1.3514998,1.7882909,1.8280448,6.919374,2.3960085,1.850885,10.748678,9.614812,0.5590918,0.48459876,0.8917216,3.8197062,1.9296038,9.596064,11.553787,6.1218925,2.9276028,8.788465,10.271591,2.1251705,2.6262207,2.1754227,8.8030205,3.2580144,2.1390595,2.1736484,1.2233415,1.6266431,2.2125516,1.7705612,1.5171491,0.6550368,2.9089925,10.1865015,0.69812506,3.7508092,2.5381806,3.1982658,2.0997944,0.53955895,3.0730577,10.665515,10.134314,9.990454,3.1011856,6.1276393,11.281601,9.918225,1.1510227,2.0309603,3.7700021,10.336293,10.68213,0.88141316,1.386939,2.6236565,5.9001536,3.558691,3.480951,1.7385439,2.3238184,11.180025,10.50911,2.1593704,6.9907556,11.104515,7.203495,2.04017,10.427284,9.694344,9.644981],"z":[5359.88427734375,5357.86669921875,5373.28564453125,5398.326171875,5365.4833984375,5370.30810546875,5374.33984375,5364.74365234375,5395.65478515625,5374.830078125,5371.083984375,5358.91015625,5376.56884765625,5394.921875,5392.6748046875,5396.83154296875,5392.970703125,5359.73681640625,5393.38232421875,5397.697265625,5395.45947265625,5363.6376953125,5363.27490234375,5358.98876953125,5357.99462890625,5368.3818359375,5368.75634765625,5362.01123046875,5372.65283203125,5393.6806640625,5376.83203125,5390.24169921875,5360.66357421875,5395.7685546875,5391.80615234375,5368.0595703125,5364.85400390625,5376.25634765625,5373.81103515625,5378.49462890625,5357.38330078125,5390.3662109375,5361.29443359375,5396.4384765625,5377.14453125,5375.3388671875,5368.34033203125,5392.77978515625,5364.9345703125,5364.908203125,5395.50146484375,5356.9833984375,5368.79736328125,5376.60009765625,5358.74755859375,5363.81103515625,5368.392578125,5385.04931640625,5389.62841796875,5372.71044921875,5396.05517578125,5390.66943359375,5359.2392578125,5364.65283203125,5359.224609375,5396.94384765625,5368.77392578125,5360.77880859375,5376.21240234375,5363.34521484375,5360.9716796875,5394.2529296875,5372.49072265625,5376.75439453125,5324.55224609375,5363.3349609375,5357.53076171875,5357.943359375,5324.2978515625,5357.19873046875,5390.333984375,5358.0576171875,5364.62255859375,5364.0,5368.7333984375,5367.26513671875,5365.06298828125,5363.6669921875,5373.0654296875,5399.09619140625,5369.486328125,5396.9228515625,5397.849609375,5362.7138671875,5377.67236328125,5363.40087890625,5358.59619140625,5359.482421875,5366.5537109375,5377.2109375,5357.275390625,5366.1103515625,5356.966796875,5324.89208984375,5358.025390625,5356.80126953125,5359.611328125,5324.41650390625,5324.9267578125,5358.3564453125,5361.7978515625,5325.02685546875,5371.44677734375,5324.24560546875,5358.33642578125,5392.56103515625,5368.7724609375,5357.50244140625,5367.88037109375,5363.91552734375,5368.76611328125,5360.32666015625,5397.08837890625,5364.10205078125,5369.0634765625,5356.43212890625,5393.31103515625,5358.85791015625,5394.90283203125,5364.169921875,5361.4541015625,5372.4921875,5358.4365234375,5396.15625,5373.888671875,5371.75,5392.81201171875,5398.99609375,5397.12744140625,5364.958984375,5360.29541015625,5389.5830078125,5395.8896484375,5389.91162109375,5365.53857421875,5361.4423828125,5368.60498046875,5368.43603515625],"marker":{"size":5,"color":"blue"}},{"type":"scatter3d","name":"Optimal Point","mode":"markers","x":[1.3340573],"y":[2.5381806],"z":[5324.24560546875],"marker":{"size":10,"color":"red"}},{"type":"scatter3d","name":"Obstacle","mode":"lines","x":[8.81,8.89,8.89,8.81,8.81],"y":[3.8,3.8,5.4,5.4,3.8],"z":[5324.24560546875,5324.24560546875,5324.24560546875,5324.24560546875,5324.24560546875],"line":{"width":2.0,"color":"black"}},{"type":"scatter3d","name":"Obstacle","mode":"lines","x":[9.110001,9.190001,9.190001,9.110001,9.110001],"y":[3.8,3.8,5.4,5.4,3.8],"z":[5324.24560546875,5324.24560546875,5324.24560546875,5324.24560546875,5324.24560546875],"line":{"width":2.0,"color":"black"}},{"type":"scatter3d","name":"Obstacle","mode":"lines","x":[9.410001,9.490001,9.490001,9.410001,9.410001],"y":[3.8,3.8,5.4,5.4,3.8],"z":[5324.24560546875,5324.24560546875,5324.24560546875,5324.24560546875,5324.24560546875],"line":{"width":2.0,"color":"black"}},{"type":"scatter3d","name":"Obstacle","mode":"lines","x":[9.710001,9.790001,9.790001,9.710001,9.710001],"y":[3.8,3.8,5.4,5.4,3.8],"z":[5324.24560546875,5324.24560546875,5324.24560546875,5324.24560546875,5324.24560546875],"line":{"width":2.0,"color":"black"}},{"type":"scatter3d","name":"Obstacle","mode":"lines","x":[10.010001,10.090001,10.090001,10.010001,10.010001],"y":[3.8,3.8,5.4,5.4,3.8],"z":[5324.24560546875,5324.24560546875,5324.24560546875,5324.24560546875,5324.24560546875],"line":{"width":2.0,"color":"black"}},{"type":"scatter3d","name":"Obstacle","mode":"lines","x":[10.310001,10.390001,10.390001,10.310001,10.310001],"y":[3.8,3.8,5.4,5.4,3.8],"z":[5324.24560546875,5324.24560546875,5324.24560546875,5324.24560546875,5324.24560546875],"line":{"width":2.0,"color":"black"}},{"type":"scatter3d","name":"Obstacle","mode":"lines","x":[2.71,2.79,2.7899997,2.7099998,2.71],"y":[3.8,3.8,9.2,9.2,3.8],"z":[5324.24560546875,5324.24560546875,5324.24560546875,5324.24560546875,5324.24560546875],"line":{"width":2.0,"color":"black"}},{"type":"scatter3d","name":"Obstacle","mode":"lines","x":[3.21,3.29,3.2899997,3.2099998,3.21],"y":[3.8,3.8,9.2,9.2,3.8],"z":[5324.24560546875,5324.24560546875,5324.24560546875,5324.24560546875,5324.24560546875],"line":{"width":2.0,"color":"black"}},{"type":"scatter3d","name":"Obstacle","mode":"lines","x":[3.71,3.79,3.7899997,3.7099998,3.71],"y":[3.8,3.8,9.2,9.2,3.8],"z":[5324.24560546875,5324.24560546875,5324.24560546875,5324.24560546875,5324.24560546875],"line":{"width":2.0,"color":"black"}},{"type":"scatter3d","name":"Obstacle","mode":"lines","x":[4.21,4.29,4.29,4.21,4.21],"y":[3.8,3.8,9.2,9.2,3.8],"z":[5324.24560546875,5324.24560546875,5324.24560546875,5324.24560546875,5324.24560546875],"line":{"width":2.0,"color":"black"}},{"type":"scatter3d","name":"Obstacle","mode":"lines","x":[4.71,4.79,4.79,4.71,4.71],"y":[3.8,3.8,9.2,9.2,3.8],"z":[5324.24560546875,5324.24560546875,5324.24560546875,5324.24560546875,5324.24560546875],"line":{"width":2.0,"color":"black"}},{"type":"scatter3d","name":"Obstacle","mode":"lines","x":[5.21,5.29,5.29,5.21,5.21],"y":[3.8,3.8,9.2,9.2,3.8],"z":[5324.24560546875,5324.24560546875,5324.24560546875,5324.24560546875,5324.24560546875],"line":{"width":2.0,"color":"black"}},{"type":"scatter3d","name":"Obstacle","mode":"lines","x":[5.71,5.79,5.79,5.71,5.71],"y":[3.8,3.8,9.2,9.2,3.8],"z":[5324.24560546875,5324.24560546875,5324.24560546875,5324.24560546875,5324.24560546875],"line":{"width":2.0,"color":"black"}},{"type":"scatter3d","name":"Obstacle","mode":"lines","x":[6.21,6.29,6.29,6.21,6.21],"y":[3.8,3.8,9.2,9.2,3.8],"z":[5324.24560546875,5324.24560546875,5324.24560546875,5324.24560546875,5324.24560546875],"line":{"width":2.0,"color":"black"}},{"type":"scatter3d","name":"Obstacle","mode":"lines","x":[6.71,6.79,6.79,6.71,6.71],"y":[3.8,3.8,9.2,9.2,3.8],"z":[5324.24560546875,5324.24560546875,5324.24560546875,5324.24560546875,5324.24560546875],"line":{"width":2.0,"color":"black"}},{"type":"scatter3d","name":"Obstacle","mode":"lines","x":[7.21,7.29,7.29,7.21,7.21],"y":[3.8,3.8,9.2,9.2,3.8],"z":[5324.24560546875,5324.24560546875,5324.24560546875,5324.24560546875,5324.24560546875],"line":{"width":2.0,"color":"black"}},{"type":"scatter3d","name":"Obstacle","mode":"lines","x":[7.71,7.79,7.79,7.71,7.71],"y":[3.8,3.8,9.2,9.2,3.8],"z":[5324.24560546875,5324.24560546875,5324.24560546875,5324.24560546875,5324.24560546875],"line":{"width":2.0,"color":"black"}}],"layout":{"title":{"text":"Charging Station Position Optimization with Obstacles"},"width":1200,"height":800,"xaxis":{"title":{"text":"X Coordinate [m]"}},"yaxis":{"title":{"text":"Y Coordinate [m]"}},"zaxis":{"title":{"text":"Energy Consumption [Wh]"}}},"config":{},"frames":null});
        </script>
    </div>
</body>

</html>