<!doctype html>
<html lang="en">

<head>
    <meta charset="utf-8" />
    <script src="https://cdn.jsdelivr.net/npm/mathjax@3.2.2/es5/tex-svg.js"></script>
        <script src="https://cdn.plot.ly/plotly-3.0.1.min.js"></script>
        
</head>

<body>
    <div>
        <div id="plotly-html-element" class="plotly-graph-div" style="height:100%; width:100%;"></div>

        <script type="module">
            const graph_div = document.getElementById("plotly-html-element");
            await Plotly.newPlot(graph_div, {"data":[{"type":"scatter3d","name":"Station 1","mode":"markers","x":[11.531166,9.71257,6.200125,7.328876,1.0035079,7.391433,10.194515,8.335941,6.233245,8.70955,7.206629,7.274569,10.523459,6.908713,8.4407835,0.9435065,1.7911788,6.7916636,10.559158,9.519109,5.762054,10.812046,0.85159916,7.6798587,10.519329,1.379192,6.2339883,1.906905,6.8122206,10.678194,7.5445566,6.3622813,7.112137,10.877061,10.1150465,5.7817616,3.468638,10.364621,6.552231,0.5864048,9.524659,0.5007166,6.8018856,10.7882185,9.4634695,7.3193474,6.852123,6.215681,9.206384,6.605917,1.4534848,6.916864,2.0746393,7.68499,8.204919,10.08096,11.233052,11.453198,1.7593356,3.4405906,8.709043,2.3534708,6.999025,11.460402,4.046762,6.92176,10.527556,3.909353,6.214298,6.4063835,6.4339786,1.2213179,1.4505929,10.040074,6.9212832,8.079602,8.453725,9.196212,11.13484,6.2442837,9.11954,0.7601845,7.58197,2.6732259,2.3328042,7.752141,11.482158,7.95375,11.425899,1.4065838,6.0658727,10.347118,8.206899,6.192153,8.308797,7.601944,7.8816924,8.622354,1.0445194,6.258758,7.85659,7.2452364,9.591632,6.1064425,5.9509273,11.500888,9.936663,11.6,8.187456,10.870579,7.406678,8.877077,6.531347,8.820316,9.013688,8.7093725,9.152009,7.6291404,7.582413,7.71994,6.5321646,0.4,11.089855,9.848243,8.877482,9.967349,10.6341305,8.112125,3.0391736,7.4629755,4.7540336,9.832305,8.141306,6.7055016,11.223725,7.6864367,9.702118,9.7750025,7.8300114,3.984908,10.05021,10.358167,2.882874,9.46393,7.91219,9.372351,6.375215,11.6,7.148522,2.2484355],"y":[88.33099,34.154648,87.89673,46.9107,90.05108,95.47548,11.228181,57.31341,85.30051,79.06975,11.811004,70.487144,25.105312,28.068655,84.61654,21.463724,9.495133,38.57094,46.31811,71.45172,97.768394,45.325947,62.19206,86.14121,88.67907,13.027251,4.858804,12.531417,17.200054,13.480383,56.902508,73.03507,13.495804,48.786697,89.50699,99.062256,1.1032779,45.523006,90.04436,21.314226,25.412645,79.05349,72.75543,83.44794,30.393538,32.071785,48.655376,19.590012,11.903847,36.230186,19.703218,80.4102,45.804916,11.125121,96.626236,48.04332,46.63909,84.54326,47.920025,95.02357,34.183525,1.8494945,39.16794,85.077095,98.54944,17.368,60.761993,95.62089,47.735214,19.856382,29.20346,52.18592,21.606613,42.32598,46.29503,96.26874,45.20411,80.45282,83.11644,47.134254,8.351614,90.66211,24.92392,2.856914,96.88752,95.96207,38.18235,26.959524,65.37293,80.5983,3.3413837,85.059906,61.68751,32.560963,79.48405,74.959145,96.88511,89.67534,20.516722,81.08945,28.983305,89.07682,93.50039,94.7931,1.6274672,87.50401,13.304186,76.89964,82.44319,82.79176,86.92952,93.81112,0.4,46.74616,86.263664,41.31682,86.28642,90.54112,13.714128,93.84458,21.25124,0.4,44.223362,81.86071,46.583267,76.90152,80.896835,80.77225,2.5224664,70.77412,1.4857546,88.63022,90.37094,94.80252,82.70303,96.281364,89.398834,85.6305,88.260216,99.6,88.25748,82.326775,2.5721977,91.03485,0.4,80.83496,42.659573,42.306423,0.4,64.093025],"z":[599.5791625976562,582.3216552734375,599.4473876953125,583.498779296875,599.0114135742188,609.4212646484375,573.7637329101562,585.550537109375,575.5963745117188,562.3179321289062,574.6150512695312,589.2302856445312,576.5537719726562,578.923095703125,586.2434692382812,579.8211669921875,579.620361328125,577.0711669921875,583.9844360351562,589.789306640625,596.915283203125,584.3236083984375,587.1296997070312,574.0277709960938,598.2490234375,567.2651977539062,561.1007690429688,566.0193481445312,575.2933959960938,576.2200927734375,577.4388427734375,590.1724853515625,574.1251220703125,584.5580444335938,591.6719360351562,560.7068481445312,590.3330688476562,563.6242065429688,591.8734741210938,579.9287719726562,576.214111328125,580.05322265625,590.5164184570312,560.5489501953125,578.2777709960938,580.67822265625,582.6215209960938,577.060791015625,572.6058959960938,564.5913696289062,584.52734375,582.182861328125,582.4232177734375,577.33447265625,592.6536254882812,564.7327880859375,583.4202880859375,580.1996459960938,593.2815551757812,581.6447143554688,575.7713012695312,561.67333984375,580.7088012695312,572.4635620117188,593.5859985351562,574.9063720703125,588.150390625,598.9240112304688,584.8829345703125,578.4779052734375,579.4131469726562,595.3856811523438,585.2575073242188,581.9610595703125,575.479736328125,609.6347045898438,580.9058227539062,572.893798828125,581.9310302734375,582.0978393554688,572.5822143554688,587.0227661132812,582.279541015625,563.01708984375,560.8038940429688,586.1333618164062,576.7760620117188,578.3181762695312,601.6132202148438,573.6018676757812,562.1976318359375,593.4031982421875,579.9298095703125,579.0068969726562,561.759033203125,590.5382080078125,576.3494262695312,577.0494995117188,583.5074462890625,573.4700927734375,577.560791015625,560.9537963867188,560.6287231445312,561.0087280273438,561.1948852539062,560.7866821289062,575.435791015625,562.0419311523438,572.1775512695312,560.6895751953125,561.3524780273438,559.7168579101562,560.8585815429688,562.87646484375,560.5695190429688,563.0341186523438,561.0538940429688,560.9913940429688,573.2012329101562,560.0776977539062,576.4323120117188,562.5899047851562,562.6755981445312,561.0556030273438,562.9169311523438,581.4131469726562,560.9445190429688,560.3820190429688,561.1412963867188,561.9136352539062,560.9007568359375,560.0851440429688,560.4099731445312,560.6583251953125,560.1538696289062,560.6058959960938,560.0575561523438,560.37646484375,560.11083984375,585.314697265625,559.9169311523438,560.8569946289062,561.8711547851562,559.8101196289062,561.4121704101562,560.4724731445312,562.9995727539062,562.7194213867188,561.3663940429688,562.5606079101562],"marker":{"size":5,"color":"blue"}},{"type":"scatter3d","name":"Station 2","mode":"markers","x":[2.2697265,10.155058,2.1166348,7.5529118,1.896818,9.491929,6.475567,7.0280094,1.7241465,1.8040882,9.707908,10.7049055,10.578779,10.501492,10.932688,1.1799965,7.2707534,8.074335,9.674854,8.633182,3.541605,0.977602,10.494505,10.628013,2.256904,2.0881162,9.145935,2.7118957,10.497735,1.3257569,11.415678,1.2886987,1.7182679,9.984593,1.3881255,2.783323,9.694289,3.7406027,9.547912,8.463457,10.88697,7.7716284,10.124803,6.909111,6.8485794,7.5832386,10.479333,9.886477,7.3425946,3.0107918,0.82911396,9.986022,8.778395,8.068451,0.68833107,11.097158,1.1206894,0.68185025,8.718156,0.78811574,9.476203,6.759814,8.678968,10.134911,1.0065774,6.5927896,6.6304154,2.0265167,7.451974,11.247929,10.39276,1.2165408,6.7406783,7.18793,6.3882136,11.089832,8.445603,7.2115197,6.5891356,5.409334,10.149932,1.9073911,1.8531629,10.001821,1.454462,0.6518736,7.9560294,10.047266,6.4548774,9.576279,9.891686,9.038565,1.853769,10.914317,2.593539,10.833777,9.991286,8.491559,8.876672,8.979817,10.89739,2.309047,3.6978757,1.1926494,8.989389,5.0816984,10.266893,1.6900235,6.591182,5.4228144,1.5001693,6.732216,7.636916,6.014009,4.6103783,8.019095,2.751308,1.9752192,6.921238,8.619659,9.283866,5.803764,8.012321,5.2119336,5.93432,8.389711,4.906933,8.731909,6.2650366,3.6052516,11.6,6.822021,4.1185317,2.3816857,7.198398,3.2430987,9.097049,7.155133,6.0649915,0.4680752,6.965731,5.319734,8.439058,6.8500113,11.212897,6.820194,6.6819944,7.6300383,8.718224,2.1487038],"y":[67.711205,37.78514,63.11237,73.749214,52.289486,96.05543,69.32196,86.82867,7.7569776,4.575204,55.53001,96.97868,84.89089,61.310013,58.896206,7.7169123,48.334904,16.33453,64.724174,85.54562,99.42743,53.24156,57.230373,6.773422,47.09226,4.975369,83.814705,2.5017452,68.42738,40.83278,21.32267,84.13631,66.76674,66.93374,45.91531,1.2391418,11.527356,3.281097,79.84034,75.3312,90.92821,36.980164,81.06092,1.396611,79.91048,52.359318,37.7545,53.16549,85.96487,1.2064205,28.00734,43.98357,37.14358,10.483383,69.46182,5.6240244,71.74783,24.147713,77.51107,32.476128,8.088034,79.17532,81.729515,8.912251,55.225502,74.19375,64.6936,67.198395,57.26597,34.09078,59.314426,58.34635,31.604403,76.768585,12.186501,96.15583,31.17393,11.850159,43.47482,95.86787,78.4519,27.960192,11.329243,58.20965,2.323948,46.99924,15.233286,64.96778,62.418236,6.9448805,56.357033,90.88056,11.690584,79.50095,0.41030008,91.78178,26.69391,28.435295,50.655373,13.875096,85.215294,2.9019182,0.909803,1.2863961,74.18302,0.4,52.550964,3.393604,9.130549,1.838287,2.9098382,2.0567963,82.56966,3.1831279,2.13903,2.5237222,2.7350216,2.0124438,83.24973,0.4,69.04559,75.67159,3.141752,0.4,2.839723,40.51377,1.7220578,2.6849444,83.888504,2.240181,83.53065,1.7298468,2.481604,1.6301464,2.8063076,1.0765511,2.0600967,1.2330006,2.099351,44.108784,2.4294314,1.1215981,73.688705,2.2444434,73.49069,2.2063534,2.9189863,3.0388527,74.11604,3.7416236],"z":[599.5791625976562,582.3216552734375,599.4473876953125,583.498779296875,599.0114135742188,609.4212646484375,573.7637329101562,585.550537109375,575.5963745117188,562.3179321289062,574.6150512695312,589.2302856445312,576.5537719726562,578.923095703125,586.2434692382812,579.8211669921875,579.620361328125,577.0711669921875,583.9844360351562,589.789306640625,596.915283203125,584.3236083984375,587.1296997070312,574.0277709960938,598.2490234375,567.2651977539062,561.1007690429688,566.0193481445312,575.2933959960938,576.2200927734375,577.4388427734375,590.1724853515625,574.1251220703125,584.5580444335938,591.6719360351562,560.7068481445312,590.3330688476562,563.6242065429688,591.8734741210938,579.9287719726562,576.214111328125,580.05322265625,590.5164184570312,560.5489501953125,578.2777709960938,580.67822265625,582.6215209960938,577.060791015625,572.6058959960938,564.5913696289062,584.52734375,582.182861328125,582.4232177734375,577.33447265625,592.6536254882812,564.7327880859375,583.4202880859375,580.1996459960938,593.2815551757812,581.6447143554688,575.7713012695312,561.67333984375,580.7088012695312,572.4635620117188,593.5859985351562,574.9063720703125,588.150390625,598.9240112304688,584.8829345703125,578.4779052734375,579.4131469726562,595.3856811523438,585.2575073242188,581.9610595703125,575.479736328125,609.6347045898438,580.9058227539062,572.893798828125,581.9310302734375,582.0978393554688,572.5822143554688,587.0227661132812,582.279541015625,563.01708984375,560.8038940429688,586.1333618164062,576.7760620117188,578.3181762695312,601.6132202148438,573.6018676757812,562.1976318359375,593.4031982421875,579.9298095703125,579.0068969726562,561.759033203125,590.5382080078125,576.3494262695312,577.0494995117188,583.5074462890625,573.4700927734375,577.560791015625,560.9537963867188,560.6287231445312,561.0087280273438,561.1948852539062,560.7866821289062,575.435791015625,562.0419311523438,572.1775512695312,560.6895751953125,561.3524780273438,559.7168579101562,560.8585815429688,562.87646484375,560.5695190429688,563.0341186523438,561.0538940429688,560.9913940429688,573.2012329101562,560.0776977539062,576.4323120117188,562.5899047851562,562.6755981445312,561.0556030273438,562.9169311523438,581.4131469726562,560.9445190429688,560.3820190429688,561.1412963867188,561.9136352539062,560.9007568359375,560.0851440429688,560.4099731445312,560.6583251953125,560.1538696289062,560.6058959960938,560.0575561523438,560.37646484375,560.11083984375,585.314697265625,559.9169311523438,560.8569946289062,561.8711547851562,559.8101196289062,561.4121704101562,560.4724731445312,562.9995727539062,562.7194213867188,561.3663940429688,562.5606079101562],"marker":{"size":5,"color":"green"}},{"type":"scatter3d","name":"Optimal Point","mode":"markers","x":[8.877077,6.732216],"y":[93.81112,2.0567963],"z":[559.7168579101562,559.7168579101562],"marker":{"size":10,"color":"red"}},{"type":"scatter3d","name":"Obstacle","mode":"lines","x":[6.81,6.89,6.89,6.81,6.81],"y":[3.8,3.8,8.400001,8.400001,3.8],"z":[559.7168579101562,559.7168579101562,559.7168579101562,559.7168579101562,559.7168579101562],"line":{"width":2.0,"color":"black"}},{"type":"scatter3d","name":"Obstacle","mode":"lines","x":[7.11,7.19,7.19,7.11,7.11],"y":[3.8,3.8,8.400001,8.400001,3.8],"z":[559.7168579101562,559.7168579101562,559.7168579101562,559.7168579101562,559.7168579101562],"line":{"width":2.0,"color":"black"}},{"type":"scatter3d","name":"Obstacle","mode":"lines","x":[7.4100003,7.4900002,7.4900002,7.4100003,7.4100003],"y":[3.8,3.8,8.400001,8.400001,3.8],"z":[559.7168579101562,559.7168579101562,559.7168579101562,559.7168579101562,559.7168579101562],"line":{"width":2.0,"color":"black"}},{"type":"scatter3d","name":"Obstacle","mode":"lines","x":[7.7100005,7.7900004,7.7900004,7.7100005,7.7100005],"y":[3.8,3.8,8.400001,8.400001,3.8],"z":[559.7168579101562,559.7168579101562,559.7168579101562,559.7168579101562,559.7168579101562],"line":{"width":2.0,"color":"black"}},{"type":"scatter3d","name":"Obstacle","mode":"lines","x":[8.01,8.09,8.09,8.01,8.01],"y":[3.8,3.8,8.400001,8.400001,3.8],"z":[559.7168579101562,559.7168579101562,559.7168579101562,559.7168579101562,559.7168579101562],"line":{"width":2.0,"color":"black"}},{"type":"scatter3d","name":"Obstacle","mode":"lines","x":[8.31,8.39,8.39,8.31,8.31],"y":[3.8,3.8,8.400001,8.400001,3.8],"z":[559.7168579101562,559.7168579101562,559.7168579101562,559.7168579101562,559.7168579101562],"line":{"width":2.0,"color":"black"}},{"type":"scatter3d","name":"Obstacle","mode":"lines","x":[2.71,2.79,2.789996,2.709996,2.71],"y":[3.8,3.8,94.200005,94.200005,3.8],"z":[559.7168579101562,559.7168579101562,559.7168579101562,559.7168579101562,559.7168579101562],"line":{"width":2.0,"color":"black"}},{"type":"scatter3d","name":"Obstacle","mode":"lines","x":[3.21,3.29,3.289996,3.209996,3.21],"y":[3.8,3.8,94.200005,94.200005,3.8],"z":[559.7168579101562,559.7168579101562,559.7168579101562,559.7168579101562,559.7168579101562],"line":{"width":2.0,"color":"black"}},{"type":"scatter3d","name":"Obstacle","mode":"lines","x":[3.71,3.79,3.789996,3.709996,3.71],"y":[3.8,3.8,94.200005,94.200005,3.8],"z":[559.7168579101562,559.7168579101562,559.7168579101562,559.7168579101562,559.7168579101562],"line":{"width":2.0,"color":"black"}},{"type":"scatter3d","name":"Obstacle","mode":"lines","x":[4.21,4.29,4.289996,4.209996,4.21],"y":[3.8,3.8,94.200005,94.200005,3.8],"z":[559.7168579101562,559.7168579101562,559.7168579101562,559.7168579101562,559.7168579101562],"line":{"width":2.0,"color":"black"}},{"type":"scatter3d","name":"Obstacle","mode":"lines","x":[4.71,4.79,4.789996,4.709996,4.71],"y":[3.8,3.8,94.200005,94.200005,3.8],"z":[559.7168579101562,559.7168579101562,559.7168579101562,559.7168579101562,559.7168579101562],"line":{"width":2.0,"color":"black"}},{"type":"scatter3d","name":"Obstacle","mode":"lines","x":[5.21,5.29,5.289996,5.209996,5.21],"y":[3.8,3.8,94.200005,94.200005,3.8],"z":[559.7168579101562,559.7168579101562,559.7168579101562,559.7168579101562,559.7168579101562],"line":{"width":2.0,"color":"black"}},{"type":"scatter3d","name":"Obstacle","mode":"lines","x":[5.71,5.79,5.789996,5.709996,5.71],"y":[3.8,3.8,94.200005,94.200005,3.8],"z":[559.7168579101562,559.7168579101562,559.7168579101562,559.7168579101562,559.7168579101562],"line":{"width":2.0,"color":"black"}}],"layout":{"title":{"text":"Charging Station Position Optimization with Obstacles"},"width":1200,"height":800,"xaxis":{"title":{"text":"X Coordinate [m]"}},"yaxis":{"title":{"text":"Y Coordinate [m]"}},"zaxis":{"title":{"text":"Energy Consumption [Wh]"}}},"config":{},"frames":null});
        </script>
    </div>
</body>

</html>