<!doctype html>
<html lang="en">

<head>
    <meta charset="utf-8" />
    <script src="https://cdn.jsdelivr.net/npm/mathjax@3.2.2/es5/tex-svg.js"></script>
        <script src="https://cdn.plot.ly/plotly-3.0.1.min.js"></script>
        
</head>

<body>
    <div>
        <div id="plotly-html-element" class="plotly-graph-div" style="height:100%; width:100%;"></div>

        <script type="module">
            const graph_div = document.getElementById("plotly-html-element");
            await Plotly.newPlot(graph_div, {"data":[{"type":"scatter3d","name":"Station 1","mode":"markers","x":[2.1149218,6.595117,9.115869,2.0105803,3.721816,10.74244,1.4192584,9.445966,9.56704,10.76898,11.043224,7.4093146,11.133471,6.4234266,0.55831474,5.0585184,4.7620506,1.2832179,2.4424982,8.182059,8.3034725,11.158414,8.392815,4.583091,4.7297215,2.0586722,11.411881,8.4315815,11.282019,0.48060533,11.199373,9.325881,2.426502,7.515894,11.497507,1.9748292,6.3189063,10.8083725,8.786281,3.5542874,1.4996194,10.444807,8.5991335,4.4988995,10.672703,3.1056924,6.6368012,6.328816,10.305192,7.355093,2.350747,8.03816,11.534154,1.5695662,6.4770236,1.7332562,1.0762144,10.971349,5.1372757,11.364795,5.399016,2.7700891,2.1228192,5.2026258,6.3296022,7.9449677,10.568933,10.292224,2.2349913,0.5708157,10.502579,8.113306,6.244664,9.278441,10.766594,3.891287,2.7592518,1.9035459,6.5535164,9.114611,7.1921415,2.3550022,1.3112279,10.409816,10.823343,7.1205015,11.528304,0.7278273,6.3018885,2.1434367,2.1815255,4.8651414,1.8209018,9.991844,5.171151,6.627254,10.846318,0.6466639,1.4930317,7.0959053,4.6550646,4.9659204,4.063082,7.5851784,0.9008661,1.0402397,4.5198536,0.973936,7.93381,11.6,6.2161636,6.901393,7.5958433,5.8203225,8.303264,6.2774205,6.2486224,6.63062,4.7552977,4.7233124,0.8211387,10.965164,0.5413916,11.398574,11.6,0.539661,11.6,11.6,1.7020663,11.430535,11.5974,11.6,11.6,11.307472,11.6,0.4,0.7481312,0.4,10.880928,7.8791757,11.6,1.2307321,10.13922],"y":[4.102112,6.299101,7.9309554,3.5421858,1.6328441,3.474279,4.7917137,6.646194,9.017396,9.54426,1.3258463,1.1289927,5.925247,5.641506,5.0558133,2.836785,10.98315,11.420677,1.2049251,9.765841,2.4182894,3.332488,3.2701836,3.0732992,2.6010146,6.4068055,0.89375365,7.153226,2.5758698,8.15341,7.0153337,8.284705,10.95182,6.403656,6.7972603,11.468164,3.9802306,4.9345126,10.304437,3.356758,5.7862573,3.3274212,2.9252596,10.554115,4.0354156,3.163217,0.8770323,10.494437,1.083268,9.185599,1.1556435,2.18191,4.9269156,7.8484273,1.4048575,7.242403,2.186304,4.2155724,2.7742603,11.486704,2.6192553,2.7209933,11.220018,1.5730202,1.5653177,1.9312888,10.920794,10.926371,4.330831,2.8011005,5.38567,8.460086,4.056407,8.660265,3.0758305,1.9635899,0.6219477,6.5546713,0.9015149,4.416967,6.342028,0.60373366,11.534141,5.5577073,3.5574143,7.4461727,2.9207375,3.4959776,5.3023114,2.7707047,2.0128648,1.1052432,9.659917,3.0680413,0.6574959,6.943914,4.896107,4.025569,1.5943332,9.957617,11.336725,10.567909,11.291714,11.6,9.300464,7.717433,11.6,8.508211,9.186595,8.747031,11.384991,10.779697,6.933477,10.966328,11.6,3.549681,5.9361925,6.589634,2.7880268,10.684532,0.48092052,0.4,1.318656,11.6,1.6886224,1.9776832,0.5358666,9.084711,0.4,10.521458,1.8852954,0.5283994,1.0507517,0.743347,11.028494,2.9560738,11.6,0.95332944,11.6,0.4,11.361842,0.6113665,0.4],"z":[1497022.75,1496606.0,1496381.75,1497115.75,1496814.0,1497718.0,1496604.75,1496887.25,1496690.5,1496715.75,1498206.5,1497660.75,1497341.25,1496492.25,1496881.5,1496929.0,1495494.0,1495875.75,1497313.25,1496337.75,1497702.0,1497540.25,1497250.5,1496795.75,1496634.5,1496174.5,1498347.75,1496333.5,1497980.25,1495981.75,1496954.75,1496666.5,1495590.0,1496382.5,1497317.0,1495762.75,1497178.75,1497424.5,1496235.25,1496732.0,1496627.75,1497702.5,1497622.5,1495370.0,1497597.75,1496854.0,1497279.0,1495661.0,1498181.25,1495860.0,1497336.5,1497684.75,1497567.75,1496137.25,1497431.75,1495988.25,1497150.0,1497305.0,1496954.25,1497209.0,1496759.5,1496709.5,1495690.75,1497186.75,1497377.25,1497412.5,1496978.5,1496639.5,1496963.25,1497416.0,1497019.75,1496089.25,1496887.0,1496359.0,1497801.75,1496730.0,1497403.75,1496416.25,1497531.5,1497288.0,1496636.25,1497182.0,1496161.25,1496974.5,1497714.5,1496103.75,1497951.5,1496964.75,1496846.5,1496845.0,1497206.25,1496984.5,1495833.5,1497421.75,1497117.25,1496449.0,1497438.0,1496844.0,1497135.75,1495800.5,1495841.75,1495422.5,1495536.25,1496347.75,1496064.75,1496201.25,1495898.25,1496102.5,1496004.75,1496935.5,1496050.25,1496093.75,1496547.25,1495633.5,1496231.25,1497188.0,1496413.75,1496536.25,1496875.0,1495692.5,1497447.5,1498133.25,1497373.25,1497225.75,1497936.25,1497566.25,1498449.25,1496928.25,1497587.0,1497173.5,1498167.5,1498179.0,1498068.5,1498366.5,1496966.75,1497391.5,1496280.0,1497725.5,1496829.5,1497594.0,1497257.75,1497623.0,1498330.0],"marker":{"size":5,"color":"blue"}},{"type":"scatter3d","name":"Optimal Point","mode":"markers","x":[4.4988995],"y":[10.554115],"z":[1495370.0],"marker":{"size":10,"color":"red"}},{"type":"scatter3d","name":"Obstacle","mode":"lines","x":[6.81,6.89,6.89,6.81,6.81],"y":[3.8,3.8,5.4,5.4,3.8],"z":[1495370.0,1495370.0,1495370.0,1495370.0,1495370.0],"line":{"width":2.0,"color":"black"}},{"type":"scatter3d","name":"Obstacle","mode":"lines","x":[7.11,7.19,7.19,7.11,7.11],"y":[3.8,3.8,5.4,5.4,3.8],"z":[1495370.0,1495370.0,1495370.0,1495370.0,1495370.0],"line":{"width":2.0,"color":"black"}},{"type":"scatter3d","name":"Obstacle","mode":"lines","x":[7.4100003,7.4900002,7.4900002,7.4100003,7.4100003],"y":[3.8,3.8,5.4,5.4,3.8],"z":[1495370.0,1495370.0,1495370.0,1495370.0,1495370.0],"line":{"width":2.0,"color":"black"}},{"type":"scatter3d","name":"Obstacle","mode":"lines","x":[7.7100005,7.7900004,7.7900004,7.7100005,7.7100005],"y":[3.8,3.8,5.4,5.4,3.8],"z":[1495370.0,1495370.0,1495370.0,1495370.0,1495370.0],"line":{"width":2.0,"color":"black"}},{"type":"scatter3d","name":"Obstacle","mode":"lines","x":[8.01,8.09,8.09,8.01,8.01],"y":[3.8,3.8,5.4,5.4,3.8],"z":[1495370.0,1495370.0,1495370.0,1495370.0,1495370.0],"line":{"width":2.0,"color":"black"}},{"type":"scatter3d","name":"Obstacle","mode":"lines","x":[8.31,8.39,8.39,8.31,8.31],"y":[3.8,3.8,5.4,5.4,3.8],"z":[1495370.0,1495370.0,1495370.0,1495370.0,1495370.0],"line":{"width":2.0,"color":"black"}},{"type":"scatter3d","name":"Obstacle","mode":"lines","x":[2.71,2.79,2.7899997,2.7099998,2.71],"y":[3.8,3.8,9.2,9.2,3.8],"z":[1495370.0,1495370.0,1495370.0,1495370.0,1495370.0],"line":{"width":2.0,"color":"black"}},{"type":"scatter3d","name":"Obstacle","mode":"lines","x":[3.21,3.29,3.2899997,3.2099998,3.21],"y":[3.8,3.8,9.2,9.2,3.8],"z":[1495370.0,1495370.0,1495370.0,1495370.0,1495370.0],"line":{"width":2.0,"color":"black"}},{"type":"scatter3d","name":"Obstacle","mode":"lines","x":[3.71,3.79,3.7899997,3.7099998,3.71],"y":[3.8,3.8,9.2,9.2,3.8],"z":[1495370.0,1495370.0,1495370.0,1495370.0,1495370.0],"line":{"width":2.0,"color":"black"}},{"type":"scatter3d","name":"Obstacle","mode":"lines","x":[4.21,4.29,4.29,4.21,4.21],"y":[3.8,3.8,9.2,9.2,3.8],"z":[1495370.0,1495370.0,1495370.0,1495370.0,1495370.0],"line":{"width":2.0,"color":"black"}},{"type":"scatter3d","name":"Obstacle","mode":"lines","x":[4.71,4.79,4.79,4.71,4.71],"y":[3.8,3.8,9.2,9.2,3.8],"z":[1495370.0,1495370.0,1495370.0,1495370.0,1495370.0],"line":{"width":2.0,"color":"black"}},{"type":"scatter3d","name":"Obstacle","mode":"lines","x":[5.21,5.29,5.29,5.21,5.21],"y":[3.8,3.8,9.2,9.2,3.8],"z":[1495370.0,1495370.0,1495370.0,1495370.0,1495370.0],"line":{"width":2.0,"color":"black"}},{"type":"scatter3d","name":"Obstacle","mode":"lines","x":[5.71,5.79,5.79,5.71,5.71],"y":[3.8,3.8,9.2,9.2,3.8],"z":[1495370.0,1495370.0,1495370.0,1495370.0,1495370.0],"line":{"width":2.0,"color":"black"}}],"layout":{"title":{"text":"Charging Station Position Optimization with Obstacles"},"width":1200,"height":800,"xaxis":{"title":{"text":"X Coordinate"}},"yaxis":{"title":{"text":"Y Coordinate"}},"zaxis":{"title":{"text":"Energy Consumption (Wh)"}}},"config":{},"frames":null});
        </script>
    </div>
</body>

</html>