<!doctype html>
<html lang="en">

<head>
    <meta charset="utf-8" />
    <script src="https://cdn.jsdelivr.net/npm/mathjax@3.2.2/es5/tex-svg.js"></script>
        <script src="https://cdn.plot.ly/plotly-3.0.1.min.js"></script>
        
</head>

<body>
    <div>
        <div id="plotly-html-element" class="plotly-graph-div" style="height:100%; width:100%;"></div>

        <script type="module">
            const graph_div = document.getElementById("plotly-html-element");
            await Plotly.newPlot(graph_div, {"data":[{"type":"scatter3d","name":"Station 1","mode":"markers","x":[7.2972627,9.468381,9.96226,7.496168,1.236353,1.4365819,8.5267935,4.4298844,0.45832577,9.779423,4.4067717,1.6903834,6.448809,1.2469059,4.466422,10.595454,8.925142,2.9716825,8.173663,3.9484727,9.972795,7.0446,4.308051,7.334991,6.583265,11.152421,4.009506,9.768557,6.9566193,8.8737545,10.390978,6.9368258,10.407306,7.9110923,0.7345084,2.2716305,7.1970735,6.4588265,2.3596005,6.5670333,7.217636,4.66007,10.393764,4.18841,2.0393848,7.5412855,0.6148821,10.253181,5.1639814,10.539335,4.28398,0.61764854,10.950289,6.7128367,1.377977,0.89072025,3.5816338,9.385768,4.0042267,7.409312,9.863763,4.4924517,10.916637,11.280121,1.4916859,8.61332,5.065255,6.54869,10.846815,0.8618397,10.10495,7.6995106,2.2028518,11.120115,4.157197,6.2287292,1.5362236,1.1686251,10.993591,11.447399,9.723993,8.729936,1.1227349,1.2650412,9.327238,9.740752,7.0363154,11.599567,8.282364,10.178442,5.0996685,6.2292953,11.509795,10.493941,11.475345,11.312957,0.7327553,7.9622283,2.155278,8.143673,2.8796244,9.023636,2.9341345,2.9576244,9.4615,2.2758245,3.1708348,10.017163,2.423102,7.8886976,5.147114,9.467182,3.029701,10.659431,3.0080256,2.9648325,5.117027,1.4871936,2.4262266,9.188601,10.871326,2.2285132,0.68992174,3.1435802,9.810371,11.092919,6.865867,4.2566724,1.7235843,1.1180063,3.1237388,4.9371114,10.4568615,0.6238507,1.3741152,1.807809,0.9660136,2.6263804,9.37017,0.92283124,2.7153716,3.4787774,1.094108,0.9773129,5.3402715,2.0919783,9.530353,2.6447096,4.4693694,6.2101946],"y":[0.9562812,10.772574,3.7769508,10.331548,5.7269487,8.10413,7.959267,3.2901225,2.8812547,2.1909437,0.7439451,8.81521,7.7883444,1.2352449,10.303439,8.30344,11.449462,2.5699925,1.4621419,3.4373474,10.847827,10.672061,9.67234,9.863488,2.371395,10.069462,1.152825,6.711483,3.3185852,1.6942246,8.272996,10.884016,5.929617,1.2560824,6.161848,4.393228,9.715214,7.8000646,6.2820926,5.7675357,3.0093632,3.3290205,6.104275,3.0548368,7.158807,2.2871127,5.6311297,10.364993,3.3493776,4.483139,1.4368114,7.816843,9.194309,2.8247006,1.981083,1.833173,3.3350835,7.342265,4.9951134,11.294677,1.7081355,10.229018,4.0460196,5.4840155,4.4821377,3.725776,9.387774,3.8840735,8.867958,11.523544,0.41297227,2.0174096,10.886251,2.3609102,10.586318,3.6156974,7.1717124,6.7071996,8.316861,3.8420925,8.971744,8.1458435,2.8166296,6.8896923,4.120798,6.108055,1.3711344,0.40512162,11.164367,6.4591393,2.9726627,11.350696,6.623247,4.4086637,5.9201255,9.582471,0.7645091,0.8984053,1.7218901,5.8470783,1.7266117,10.921433,7.332193,2.7250762,1.0622796,2.4574924,0.89857006,10.886041,2.5594852,7.3490324,9.759372,7.341393,2.692234,7.890805,11.112065,5.615724,6.5751166,4.340816,2.2369597,2.8578076,11.437016,6.6637506,4.2852707,7.0881977,9.8445015,7.733099,5.670077,6.0068016,8.228701,4.018224,3.770276,9.559034,0.8993912,7.23258,7.5839653,8.464538,6.4749823,2.7862072,10.844447,6.4318376,2.9148817,4.974723,5.090083,5.567107,8.529671,8.37926,1.8698397,10.060824,10.075473,8.5948305],"z":[1641056.75,1642578.5,1641526.75,1641580.25,1640646.0,1641095.75,1642258.25,1641507.0,1643559.75,1644771.75,1641441.5,1640715.5,1641364.25,1641737.25,1640608.25,1642260.25,1642681.25,1614939.75,1643758.25,1642188.0,1614810.5,1641564.0,1640038.5,1641541.25,1642859.25,1641456.25,1642713.0,1641956.75,1643650.25,1644175.25,1642976.5,1641580.5,1643083.75,1642625.5,1640485.25,1642894.75,1640512.75,1640278.5,1641731.0,1641731.0,1642485.25,1642515.25,1643448.75,1641417.0,1639902.25,1641891.25,1641049.0,1642342.25,1642630.75,1644013.75,1642220.75,1641633.5,1640364.25,1643080.75,1641566.0,1641408.75,1642448.5,1614730.75,1641785.25,1641279.25,1641413.0,1640458.0,1642046.0,1642659.25,1642999.25,1643508.0,1640379.75,1643324.0,1643150.75,1641412.75,1644015.5,1643188.5,1641049.0,1643570.5,1640735.25,1642689.0,1641666.5,1641849.0,1641610.5,1642055.25,1642592.75,1642321.25,1642149.25,1641728.5,1643694.0,1643060.0,1641887.75,1642159.25,1642153.5,1643292.5,1641773.0,1641474.25,1642600.75,1643898.0,1642742.25,1642485.75,1643604.0,1644614.75,1640603.75,1642052.5,1643236.0,1642402.0,1651019.25,1651577.25,1643135.0,1643137.25,1642861.5,1650811.0,1614972.0,1641930.5,1650353.25,1642756.75,1641362.75,1643270.75,1640950.5,1661456.5,1651066.5,1640072.75,1615159.0,1642652.0,1643096.0,1641638.25,1650502.0,1650205.25,1651928.75,1641661.25,1642008.0,1650689.25,1650083.75,1615552.25,1652564.5,1640322.75,1641077.25,1641725.0,1641509.5,1640915.5,1640441.25,1642648.5,1614569.0,1640651.0,1641746.25,1651989.75,1641966.75,1650486.25,1650893.25,1640623.0,1641746.75,1640719.0,1640366.5,1640975.75],"marker":{"size":5,"color":"blue"}},{"type":"scatter3d","name":"Station 2","mode":"markers","x":[6.250746,9.130972,1.7966596,2.1203759,2.99032,9.63832,2.427634,0.9976386,11.232361,11.185005,7.4445677,11.055045,0.5461796,7.7210546,7.8736267,8.8417,9.589237,10.150398,0.6789517,6.9942904,1.1367552,0.8058865,5.461769,10.970982,6.156015,7.1573076,9.40458,8.007796,7.9077454,6.739455,11.013354,1.1907605,10.508016,2.198737,4.785389,1.0965514,3.6103168,3.9949877,1.1607198,7.82261,9.258705,8.836386,8.052186,1.3985983,4.3750606,1.0298235,1.6247663,1.7464821,5.6576524,9.036035,3.5072756,10.699594,5.0377088,1.866804,1.5459194,6.0127406,8.592094,3.9381936,7.7670264,1.6579915,0.86500263,3.628834,8.393882,8.444557,7.6222115,6.655914,11.44983,11.426477,1.9013842,1.2380033,0.5488926,1.677287,11.596676,6.0035453,9.706599,9.198784,9.327179,3.6384308,6.402971,7.560023,11.093757,0.62613606,8.868853,9.495135,8.86103,8.385457,1.1897765,8.328705,7.8426156,10.665474,0.82566667,10.5420265,9.410388,9.922643,2.27417,9.173684,9.610305,11.490573,3.1715565,8.215281,9.903018,4.866747,2.2483826,3.6190546,10.337162,7.327034,10.25929,3.560469,10.218097,3.7171175,4.5954695,3.9677691,2.6422524,1.7338613,10.154571,2.8266022,6.4059677,4.687402,10.1879015,3.7867424,2.9727335,7.3471723,3.421691,4.300334,3.3092618,6.0643272,8.2624235,5.1351676,4.6978054,4.1499305,10.923136,3.7771611,1.0617541,9.669366,9.541028,10.592042,4.0142627,4.2682843,4.035482,2.4350045,7.447814,10.159593,1.5748756,2.5849018,11.265687,2.9649792,2.014758,9.556127,3.7630885,1.0289193],"y":[10.527379,3.5931842,7.219245,1.7939932,8.072028,10.698519,1.8254359,7.753907,10.840149,0.8936535,9.434007,6.654124,8.033634,10.724592,8.664709,9.406616,8.634116,6.712977,2.711459,2.3482196,4.876131,1.5021667,9.637035,9.148369,4.880534,8.959085,7.7176194,7.493319,1.7725028,0.51588917,4.4618945,2.7056165,10.7184925,4.6810985,10.037139,4.7812114,10.059188,9.917625,4.5206165,8.35718,8.948531,2.0604694,0.66397,10.8940935,9.425131,6.9477835,10.3956,5.7941732,0.644525,0.87081456,4.496416,9.112882,9.414283,4.077811,7.377929,7.5856805,6.099689,2.574281,0.54734385,10.780263,9.012572,0.78665245,9.665661,5.9752135,2.2965322,3.003945,8.694828,0.4891943,0.5586352,7.7941833,2.481654,3.647427,6.2495227,1.7751304,7.8332295,6.6211576,9.27094,1.5464616,7.280755,7.195881,11.347372,6.221514,9.434488,6.9652977,1.8758309,1.0709019,6.8802476,7.998455,11.594803,1.7986423,11.342844,11.54049,7.4134083,2.4812295,4.6967516,7.3605886,4.796611,3.5079646,10.160022,7.461365,3.2584114,2.2111928,2.5425465,5.5670147,6.8024163,1.00886,8.953649,7.334976,11.538513,2.9400961,6.176474,0.92103136,11.564625,2.5700698,6.707141,6.714829,9.681047,9.53792,11.467705,2.7866213,2.2101202,11.207521,7.7014394,9.797938,4.832878,7.0698147,7.632571,10.287222,9.343681,1.0476432,4.9806404,0.8567303,8.951023,10.552503,8.690172,11.330764,10.033277,2.7739687,2.2349615,8.406009,11.15471,6.8331017,6.5710816,9.200514,9.140412,10.378202,6.7050686,6.942031,1.0432866,8.900407],"z":[1641056.75,1642578.5,1641526.75,1641580.25,1640646.0,1641095.75,1642258.25,1641507.0,1643559.75,1644771.75,1641441.5,1640715.5,1641364.25,1641737.25,1640608.25,1642260.25,1642681.25,1614939.75,1643758.25,1642188.0,1614810.5,1641564.0,1640038.5,1641541.25,1642859.25,1641456.25,1642713.0,1641956.75,1643650.25,1644175.25,1642976.5,1641580.5,1643083.75,1642625.5,1640485.25,1642894.75,1640512.75,1640278.5,1641731.0,1641731.0,1642485.25,1642515.25,1643448.75,1641417.0,1639902.25,1641891.25,1641049.0,1642342.25,1642630.75,1644013.75,1642220.75,1641633.5,1640364.25,1643080.75,1641566.0,1641408.75,1642448.5,1614730.75,1641785.25,1641279.25,1641413.0,1640458.0,1642046.0,1642659.25,1642999.25,1643508.0,1640379.75,1643324.0,1643150.75,1641412.75,1644015.5,1643188.5,1641049.0,1643570.5,1640735.25,1642689.0,1641666.5,1641849.0,1641610.5,1642055.25,1642592.75,1642321.25,1642149.25,1641728.5,1643694.0,1643060.0,1641887.75,1642159.25,1642153.5,1643292.5,1641773.0,1641474.25,1642600.75,1643898.0,1642742.25,1642485.75,1643604.0,1644614.75,1640603.75,1642052.5,1643236.0,1642402.0,1651019.25,1651577.25,1643135.0,1643137.25,1642861.5,1650811.0,1614972.0,1641930.5,1650353.25,1642756.75,1641362.75,1643270.75,1640950.5,1661456.5,1651066.5,1640072.75,1615159.0,1642652.0,1643096.0,1641638.25,1650502.0,1650205.25,1651928.75,1641661.25,1642008.0,1650689.25,1650083.75,1615552.25,1652564.5,1640322.75,1641077.25,1641725.0,1641509.5,1640915.5,1640441.25,1642648.5,1614569.0,1640651.0,1641746.25,1651989.75,1641966.75,1650486.25,1650893.25,1640623.0,1641746.75,1640719.0,1640366.5,1640975.75],"marker":{"size":5,"color":"green"}},{"type":"scatter3d","name":"Optimal Point","mode":"markers","x":[9.37017,4.035482],"y":[10.844447,2.2349615],"z":[1614569.0,1614569.0],"marker":{"size":10,"color":"red"}},{"type":"scatter3d","name":"Obstacle","mode":"lines","x":[6.81,6.89,6.89,6.81,6.81],"y":[3.8,3.8,5.4,5.4,3.8],"z":[1614569.0,1614569.0,1614569.0,1614569.0,1614569.0],"line":{"width":2.0,"color":"black"}},{"type":"scatter3d","name":"Obstacle","mode":"lines","x":[7.11,7.19,7.19,7.11,7.11],"y":[3.8,3.8,5.4,5.4,3.8],"z":[1614569.0,1614569.0,1614569.0,1614569.0,1614569.0],"line":{"width":2.0,"color":"black"}},{"type":"scatter3d","name":"Obstacle","mode":"lines","x":[7.4100003,7.4900002,7.4900002,7.4100003,7.4100003],"y":[3.8,3.8,5.4,5.4,3.8],"z":[1614569.0,1614569.0,1614569.0,1614569.0,1614569.0],"line":{"width":2.0,"color":"black"}},{"type":"scatter3d","name":"Obstacle","mode":"lines","x":[7.7100005,7.7900004,7.7900004,7.7100005,7.7100005],"y":[3.8,3.8,5.4,5.4,3.8],"z":[1614569.0,1614569.0,1614569.0,1614569.0,1614569.0],"line":{"width":2.0,"color":"black"}},{"type":"scatter3d","name":"Obstacle","mode":"lines","x":[8.01,8.09,8.09,8.01,8.01],"y":[3.8,3.8,5.4,5.4,3.8],"z":[1614569.0,1614569.0,1614569.0,1614569.0,1614569.0],"line":{"width":2.0,"color":"black"}},{"type":"scatter3d","name":"Obstacle","mode":"lines","x":[8.31,8.39,8.39,8.31,8.31],"y":[3.8,3.8,5.4,5.4,3.8],"z":[1614569.0,1614569.0,1614569.0,1614569.0,1614569.0],"line":{"width":2.0,"color":"black"}},{"type":"scatter3d","name":"Obstacle","mode":"lines","x":[2.71,2.79,2.7899997,2.7099998,2.71],"y":[3.8,3.8,9.2,9.2,3.8],"z":[1614569.0,1614569.0,1614569.0,1614569.0,1614569.0],"line":{"width":2.0,"color":"black"}},{"type":"scatter3d","name":"Obstacle","mode":"lines","x":[3.21,3.29,3.2899997,3.2099998,3.21],"y":[3.8,3.8,9.2,9.2,3.8],"z":[1614569.0,1614569.0,1614569.0,1614569.0,1614569.0],"line":{"width":2.0,"color":"black"}},{"type":"scatter3d","name":"Obstacle","mode":"lines","x":[3.71,3.79,3.7899997,3.7099998,3.71],"y":[3.8,3.8,9.2,9.2,3.8],"z":[1614569.0,1614569.0,1614569.0,1614569.0,1614569.0],"line":{"width":2.0,"color":"black"}},{"type":"scatter3d","name":"Obstacle","mode":"lines","x":[4.21,4.29,4.29,4.21,4.21],"y":[3.8,3.8,9.2,9.2,3.8],"z":[1614569.0,1614569.0,1614569.0,1614569.0,1614569.0],"line":{"width":2.0,"color":"black"}},{"type":"scatter3d","name":"Obstacle","mode":"lines","x":[4.71,4.79,4.79,4.71,4.71],"y":[3.8,3.8,9.2,9.2,3.8],"z":[1614569.0,1614569.0,1614569.0,1614569.0,1614569.0],"line":{"width":2.0,"color":"black"}},{"type":"scatter3d","name":"Obstacle","mode":"lines","x":[5.21,5.29,5.29,5.21,5.21],"y":[3.8,3.8,9.2,9.2,3.8],"z":[1614569.0,1614569.0,1614569.0,1614569.0,1614569.0],"line":{"width":2.0,"color":"black"}},{"type":"scatter3d","name":"Obstacle","mode":"lines","x":[5.71,5.79,5.79,5.71,5.71],"y":[3.8,3.8,9.2,9.2,3.8],"z":[1614569.0,1614569.0,1614569.0,1614569.0,1614569.0],"line":{"width":2.0,"color":"black"}}],"layout":{"title":{"text":"Charging Station Position Optimization with Obstacles"},"width":1200,"height":800,"xaxis":{"title":{"text":"X Coordinate"}},"yaxis":{"title":{"text":"Y Coordinate"}},"zaxis":{"title":{"text":"Energy Consumption (Wh)"}}},"config":{},"frames":null});
        </script>
    </div>
</body>

</html>