<!doctype html>
<html lang="en">

<head>
    <meta charset="utf-8" />
    <script src="https://cdn.jsdelivr.net/npm/mathjax@3.2.2/es5/tex-svg.js"></script>
        <script src="https://cdn.plot.ly/plotly-3.0.1.min.js"></script>
        
</head>

<body>
    <div>
        <div id="plotly-html-element" class="plotly-graph-div" style="height:100%; width:100%;"></div>

        <script type="module">
            const graph_div = document.getElementById("plotly-html-element");
            await Plotly.newPlot(graph_div, {"data":[{"type":"scatter3d","name":"Station 1","mode":"markers","x":[4.9016347,11.0303,9.696405,3.0500903,6.267665,2.4750917,4.9025254,11.316106,2.3117008,8.968021,3.843222,10.160042,4.937001,5.130154,9.847852,5.266077,9.360717,1.902913,7.860999,3.1416411,9.305763,7.572895,0.48443586,1.1149683,2.5240488,8.6696205,9.20118,1.4017346,7.388829,11.339217,7.7943234,7.5912814,0.7069043,7.3314223,11.289973,2.0528097,6.305452,5.637379,11.498755,0.9307145,8.063457,5.7934804,1.9453839,11.153277,1.449028,10.268418,11.464249,3.829231,1.203395,7.079394,10.918937,3.523383,9.530688,0.46082115,4.6398706,6.2394147,6.658096,3.5774963,4.5106206,6.916283,8.027064,6.3031487,2.9727387,8.775486,1.8394389,0.7776629,6.277238,5.139436,6.0510244,0.68616676,0.5416615,9.015718,10.324531,9.339348,4.021723,9.916163,0.79023194,10.15997,10.074027,5.368544,9.264603,11.473797,5.0813932,5.2952604,5.646585,1.5322275,3.2341518,7.1968117,9.159262,11.19203,7.959621,7.534523,8.703178,8.954164,3.8063493,7.578739,9.036493,2.1293495,7.179527,5.840755,11.6,9.531572,9.72043,10.339534,11.6,9.78353,11.6,5.3718343,10.046657,11.6,0.67895234,6.9201174,4.1798754,11.021382,10.538483,7.377333,8.264335,0.4,7.40309,0.5020881,0.4,11.6,0.4,3.0408494,2.4584684,2.510282,0.4,9.702311,0.4,10.367882,7.640658,1.704455,8.830291,0.849957,6.500139,2.2778184,11.240334,1.9813225,1.0356859,10.153817,10.318163,1.3180091,6.7407656],"y":[10.965313,6.8349714,6.645317,0.41785356,5.6454077,10.506527,2.40532,7.7446,10.8027,5.698652,11.005387,9.43443,2.624756,9.931611,1.4565582,3.3331075,11.199398,3.6767857,8.30698,11.074175,0.6434235,1.3271,4.987427,0.98696136,3.2075598,7.571911,5.5158477,5.284813,6.440554,2.851696,3.3517687,9.129871,5.2636843,7.5296993,11.571415,10.871208,8.566874,10.2122345,4.5775003,7.4191585,11.297112,2.5761516,1.9374678,0.6625107,3.2752624,3.484255,3.9804187,0.9300896,8.688419,2.6560104,1.5827254,10.029133,0.87525123,1.6853553,0.6238409,7.5540123,11.417219,9.776417,2.5120113,1.0911334,1.7335045,6.820221,3.0513802,1.711974,11.169622,10.0652485,9.350387,10.830494,3.0566232,5.211256,8.15163,4.0625925,2.5479,3.8435931,1.2851298,6.7279654,3.036951,2.113695,8.801924,11.33178,8.186256,9.639419,1.3745377,10.066171,3.3794236,6.2363997,11.16375,8.676076,4.078597,9.962217,8.957674,10.58614,6.405724,1.1335188,3.18855,7.4282293,4.1808996,5.9453945,5.8158545,2.244268,4.0460806,7.6478324,1.4123341,1.5142077,4.660677,1.3896251,3.9649603,11.331626,8.512361,1.7134762,1.3529749,1.0727803,1.697637,3.68387,2.5671573,2.0289705,7.54852,8.464842,9.510758,7.8505077,10.670121,8.728269,10.318009,10.047434,10.167839,10.048936,9.947897,9.202192,10.744056,8.296993,8.463911,2.362643,8.664292,10.553972,9.404189,5.045149,0.4,7.739315,6.270965,9.108814,9.355387,8.559871,8.644084],"z":[4787.17333984375,5366.591796875,5004.0693359375,4908.849609375,5015.2646484375,4949.451171875,5107.421875,4777.337890625,5201.64453125,4863.4169921875,4919.48486328125,5074.91552734375,5348.27099609375,5495.63330078125,4729.08984375,5507.8583984375,5494.662109375,4807.44384765625,5512.69482421875,4812.81494140625,5519.560546875,5077.9755859375,5186.38330078125,4987.759765625,5489.72705078125,4742.16259765625,5155.2421875,5105.392578125,5346.8349609375,4770.07958984375,5511.1240234375,4969.6259765625,4821.9072265625,4962.93798828125,5526.109375,5197.47412109375,4960.4404296875,5227.8212890625,4996.8212890625,4861.705078125,4880.36767578125,5129.51123046875,5482.666015625,5512.65283203125,4857.74560546875,5145.20263671875,4745.77978515625,5477.16259765625,4977.24755859375,4931.79345703125,5098.197265625,4807.2734375,4864.57763671875,5263.083984375,5101.240234375,5073.87255859375,4991.11328125,4905.15087890625,4839.06591796875,4967.79931640625,5056.06591796875,5096.64892578125,5248.97900390625,5030.43896484375,5085.05322265625,4857.00244140625,5104.5849609375,4895.68212890625,5509.20263671875,5515.29736328125,5523.9462890625,5512.76708984375,4801.9169921875,5514.14599609375,4931.99169921875,5509.0849609375,4911.99267578125,5503.62451171875,4937.2216796875,4839.599609375,5511.173828125,4848.10546875,4953.9951171875,4862.037109375,5507.689453125,4945.61767578125,5202.02099609375,5034.71923828125,5049.53125,5487.15576171875,5146.72119140625,4861.19287109375,5324.833984375,4740.59326171875,4900.37158203125,5137.63720703125,4993.41357421875,4861.67431640625,4935.966796875,5097.923828125,4661.9482421875,4760.47119140625,4851.69921875,5513.615234375,4858.22216796875,5073.06201171875,4773.568359375,4802.61279296875,4842.58447265625,5515.94921875,5004.09130859375,4843.6337890625,4875.013671875,5013.37060546875,4778.61181640625,4964.150390625,5007.22216796875,4895.94091796875,5230.50537109375,4963.28955078125,5338.51318359375,5511.6318359375,4842.98876953125,4991.181640625,5099.1669921875,4926.33642578125,5012.84619140625,5090.21044921875,5358.1787109375,5510.75048828125,4844.07958984375,5061.4794921875,5514.2705078125,4854.4443359375,5260.25537109375,4865.818359375,5516.70703125,4817.15966796875,4787.32763671875,4956.27294921875,5091.84375,4809.21826171875,5511.61962890625],"marker":{"size":5,"color":"blue"}},{"type":"scatter3d","name":"Station 2","mode":"markers","x":[3.4089851,7.899889,0.52336466,9.635083,6.5483136,10.651574,6.4251466,4.17324,6.1908073,11.049814,10.937979,10.415166,2.8038216,10.607678,10.488129,0.44182074,9.122001,8.356816,10.084679,5.4289355,11.313044,6.2854238,0.5164246,10.122674,2.1854975,4.691701,5.339722,6.738422,10.229264,3.16891,7.354317,3.3612108,9.507254,6.637095,1.6884768,5.4668546,7.417141,8.226308,4.4680586,7.3072133,8.722883,1.6043907,2.0153897,8.754732,7.430088,7.1840076,10.836804,3.958358,9.651008,0.9153776,1.538213,11.533708,3.6116893,7.1527066,3.6610014,3.2379677,9.597196,7.443772,9.610358,6.8188286,7.8168287,7.7110662,11.417585,9.199478,8.69177,7.891077,8.2144785,11.556552,0.6481072,0.66301405,0.4750805,10.548075,2.0578632,11.5398855,0.7597039,7.273432,9.755623,10.670245,9.697031,2.2336802,8.211242,0.63777184,10.501603,8.512421,11.12078,7.1911736,1.0443165,7.98834,6.944376,4.914356,1.6972661,9.369959,8.343574,1.0237006,7.223304,6.620565,7.47328,0.98902285,6.3925877,6.320874,10.1781435,4.213202,10.927789,9.386611,10.554201,10.501089,10.201185,2.2369766,9.73329,10.193507,9.297995,6.8181577,11.313458,9.770585,2.3258069,6.621026,6.584143,8.712804,9.0246525,1.5044568,6.2237754,8.40408,10.567695,8.090107,9.325791,8.388709,9.064277,7.590091,7.7520013,7.846629,10.13709,9.495638,9.825315,11.6,9.429649,8.642097,9.879732,10.77229,9.718145,10.729395,7.67522,10.652985,8.488806],"y":[1.2960993,9.883593,5.951763,6.3073306,6.5693245,9.185195,10.828704,0.4524725,0.5495589,9.017996,9.968047,3.286045,1.4690659,11.442122,7.4590487,3.612035,11.069368,10.624802,7.8622594,11.519945,2.528487,10.355072,11.249455,9.905019,4.2502513,3.026409,11.365973,11.014052,2.9988594,10.061111,2.3530343,2.2434723,0.4515419,8.688105,7.4420094,3.056228,1.1187094,1.3197595,9.974047,10.054896,1.5258843,3.268178,4.2312346,7.226217,1.9742337,1.8264786,5.237912,1.5548382,8.595317,3.4685538,5.0477047,4.0597315,0.5085406,9.053329,11.154333,10.447548,4.7384415,0.501993,9.146531,7.7930255,11.479377,2.850326,1.2037768,11.066393,9.683258,6.1348953,3.162432,1.0601473,2.9696293,0.8615713,10.287219,2.6603057,6.9531198,4.808124,10.402973,6.343548,3.8610275,4.9979534,6.7521887,8.381617,7.289759,10.007891,5.684127,6.0290036,7.660717,2.790322,7.8890386,9.171817,7.011674,2.6369112,11.474994,3.7297642,9.214816,6.2966,3.3557222,6.813253,7.723112,4.659927,10.236978,9.859102,6.36183,1.4388376,7.446411,6.8534474,6.510899,8.2751665,5.9294095,8.381481,6.745322,6.6841264,5.5203896,7.7883143,4.1915803,8.442617,10.232945,11.316396,9.53151,10.960484,9.260098,0.5425246,6.0228505,7.268446,5.557529,9.737011,3.5920286,10.712246,0.4,2.583081,10.247615,7.021363,3.9804885,8.652704,7.6780357,5.6458025,8.753547,7.2708454,8.421323,3.8431244,5.679804,7.9644914,1.8275293,7.2535944,11.6],"z":[4787.17333984375,5366.591796875,5004.0693359375,4908.849609375,5015.2646484375,4949.451171875,5107.421875,4777.337890625,5201.64453125,4863.4169921875,4919.48486328125,5074.91552734375,5348.27099609375,5495.63330078125,4729.08984375,5507.8583984375,5494.662109375,4807.44384765625,5512.69482421875,4812.81494140625,5519.560546875,5077.9755859375,5186.38330078125,4987.759765625,5489.72705078125,4742.16259765625,5155.2421875,5105.392578125,5346.8349609375,4770.07958984375,5511.1240234375,4969.6259765625,4821.9072265625,4962.93798828125,5526.109375,5197.47412109375,4960.4404296875,5227.8212890625,4996.8212890625,4861.705078125,4880.36767578125,5129.51123046875,5482.666015625,5512.65283203125,4857.74560546875,5145.20263671875,4745.77978515625,5477.16259765625,4977.24755859375,4931.79345703125,5098.197265625,4807.2734375,4864.57763671875,5263.083984375,5101.240234375,5073.87255859375,4991.11328125,4905.15087890625,4839.06591796875,4967.79931640625,5056.06591796875,5096.64892578125,5248.97900390625,5030.43896484375,5085.05322265625,4857.00244140625,5104.5849609375,4895.68212890625,5509.20263671875,5515.29736328125,5523.9462890625,5512.76708984375,4801.9169921875,5514.14599609375,4931.99169921875,5509.0849609375,4911.99267578125,5503.62451171875,4937.2216796875,4839.599609375,5511.173828125,4848.10546875,4953.9951171875,4862.037109375,5507.689453125,4945.61767578125,5202.02099609375,5034.71923828125,5049.53125,5487.15576171875,5146.72119140625,4861.19287109375,5324.833984375,4740.59326171875,4900.37158203125,5137.63720703125,4993.41357421875,4861.67431640625,4935.966796875,5097.923828125,4661.9482421875,4760.47119140625,4851.69921875,5513.615234375,4858.22216796875,5073.06201171875,4773.568359375,4802.61279296875,4842.58447265625,5515.94921875,5004.09130859375,4843.6337890625,4875.013671875,5013.37060546875,4778.61181640625,4964.150390625,5007.22216796875,4895.94091796875,5230.50537109375,4963.28955078125,5338.51318359375,5511.6318359375,4842.98876953125,4991.181640625,5099.1669921875,4926.33642578125,5012.84619140625,5090.21044921875,5358.1787109375,5510.75048828125,4844.07958984375,5061.4794921875,5514.2705078125,4854.4443359375,5260.25537109375,4865.818359375,5516.70703125,4817.15966796875,4787.32763671875,4956.27294921875,5091.84375,4809.21826171875,5511.61962890625],"marker":{"size":5,"color":"green"}},{"type":"scatter3d","name":"Optimal Point","mode":"markers","x":[11.6,10.1781435],"y":[4.0460806,6.36183],"z":[4661.9482421875,4661.9482421875],"marker":{"size":10,"color":"red"}},{"type":"scatter3d","name":"Obstacle","mode":"lines","x":[6.81,6.89,6.89,6.81,6.81],"y":[3.8,3.8,5.4,5.4,3.8],"z":[4661.9482421875,4661.9482421875,4661.9482421875,4661.9482421875,4661.9482421875],"line":{"width":2.0,"color":"black"}},{"type":"scatter3d","name":"Obstacle","mode":"lines","x":[7.11,7.19,7.19,7.11,7.11],"y":[3.8,3.8,5.4,5.4,3.8],"z":[4661.9482421875,4661.9482421875,4661.9482421875,4661.9482421875,4661.9482421875],"line":{"width":2.0,"color":"black"}},{"type":"scatter3d","name":"Obstacle","mode":"lines","x":[7.4100003,7.4900002,7.4900002,7.4100003,7.4100003],"y":[3.8,3.8,5.4,5.4,3.8],"z":[4661.9482421875,4661.9482421875,4661.9482421875,4661.9482421875,4661.9482421875],"line":{"width":2.0,"color":"black"}},{"type":"scatter3d","name":"Obstacle","mode":"lines","x":[7.7100005,7.7900004,7.7900004,7.7100005,7.7100005],"y":[3.8,3.8,5.4,5.4,3.8],"z":[4661.9482421875,4661.9482421875,4661.9482421875,4661.9482421875,4661.9482421875],"line":{"width":2.0,"color":"black"}},{"type":"scatter3d","name":"Obstacle","mode":"lines","x":[8.01,8.09,8.09,8.01,8.01],"y":[3.8,3.8,5.4,5.4,3.8],"z":[4661.9482421875,4661.9482421875,4661.9482421875,4661.9482421875,4661.9482421875],"line":{"width":2.0,"color":"black"}},{"type":"scatter3d","name":"Obstacle","mode":"lines","x":[8.31,8.39,8.39,8.31,8.31],"y":[3.8,3.8,5.4,5.4,3.8],"z":[4661.9482421875,4661.9482421875,4661.9482421875,4661.9482421875,4661.9482421875],"line":{"width":2.0,"color":"black"}},{"type":"scatter3d","name":"Obstacle","mode":"lines","x":[2.71,2.79,2.7899997,2.7099998,2.71],"y":[3.8,3.8,9.2,9.2,3.8],"z":[4661.9482421875,4661.9482421875,4661.9482421875,4661.9482421875,4661.9482421875],"line":{"width":2.0,"color":"black"}},{"type":"scatter3d","name":"Obstacle","mode":"lines","x":[3.21,3.29,3.2899997,3.2099998,3.21],"y":[3.8,3.8,9.2,9.2,3.8],"z":[4661.9482421875,4661.9482421875,4661.9482421875,4661.9482421875,4661.9482421875],"line":{"width":2.0,"color":"black"}},{"type":"scatter3d","name":"Obstacle","mode":"lines","x":[3.71,3.79,3.7899997,3.7099998,3.71],"y":[3.8,3.8,9.2,9.2,3.8],"z":[4661.9482421875,4661.9482421875,4661.9482421875,4661.9482421875,4661.9482421875],"line":{"width":2.0,"color":"black"}},{"type":"scatter3d","name":"Obstacle","mode":"lines","x":[4.21,4.29,4.29,4.21,4.21],"y":[3.8,3.8,9.2,9.2,3.8],"z":[4661.9482421875,4661.9482421875,4661.9482421875,4661.9482421875,4661.9482421875],"line":{"width":2.0,"color":"black"}},{"type":"scatter3d","name":"Obstacle","mode":"lines","x":[4.71,4.79,4.79,4.71,4.71],"y":[3.8,3.8,9.2,9.2,3.8],"z":[4661.9482421875,4661.9482421875,4661.9482421875,4661.9482421875,4661.9482421875],"line":{"width":2.0,"color":"black"}},{"type":"scatter3d","name":"Obstacle","mode":"lines","x":[5.21,5.29,5.29,5.21,5.21],"y":[3.8,3.8,9.2,9.2,3.8],"z":[4661.9482421875,4661.9482421875,4661.9482421875,4661.9482421875,4661.9482421875],"line":{"width":2.0,"color":"black"}},{"type":"scatter3d","name":"Obstacle","mode":"lines","x":[5.71,5.79,5.79,5.71,5.71],"y":[3.8,3.8,9.2,9.2,3.8],"z":[4661.9482421875,4661.9482421875,4661.9482421875,4661.9482421875,4661.9482421875],"line":{"width":2.0,"color":"black"}}],"layout":{"title":{"text":"Charging Station Position Optimization with Obstacles"},"width":1200,"height":800,"xaxis":{"title":{"text":"X Coordinate"}},"yaxis":{"title":{"text":"Y Coordinate"}},"zaxis":{"title":{"text":"Energy Consumption (Wh)"}}},"config":{},"frames":null});
        </script>
    </div>
</body>

</html>